[-0.40452255]
[ 0.40858128]
[ 0.1735626]
[ 0.12146058]
[ 0.28359865]
[-0.09231067]
[-0.08064907]
[-0.26057829]
[ 0.30516053]
[-0.22023869]
[ 0.01002405]
[ 0.02754132]
[ 0.46434196]
[ 0.08847168]
[-0.01505706]
[-0.64845325]
[ 0.09602607]
[ 0.21875702]
[-0.09520597]
[ 0.37983084]
[ 0.07874336]
[ 0.042871]
[ 0.11572132]
[-0.46790947]
[ 0.05937148]
[-0.64830986]
[-0.28707565]
[ 0.12611837]
[ 0.02497787]
[ 0.19210979]
[ 0.87450847]
[ 0.37221888]
[-0.07365569]
[ 0.05398542]
[-1.04113288]
[-0.04127384]
[-0.00789731]
[ 0.79242899]
[-0.28445626]
[-0.03077009]
[-0.19347402]
[-0.29580527]
[-0.71006936]
[-0.09619851]
[ 0.01531264]
[-0.03406413]
[ 0.17134678]
[-0.6348094]
[ 0.36458984]
[ 0.21821685]
[-0.35944439]
[ 0.04220148]
[ 0.0148613]
[ 0.08272745]
[ 0.50421462]
[-0.57253389]
[ 0.03917687]
[ 0.01870474]
[-0.63024355]
[-0.01918921]
[ 0.30720997]
[ 0.75442445]
[-0.47967009]
[ 0.64299001]
[ 0.8011987]
[ 0.09393322]
[-0.25340289]
[ 0.21317933]
[ 0.01949917]
[ 0.2756727]
[ 0.16750121]
[-0.07585117]
[-0.00755587]
[-0.23400358]
[-0.57581801]
[-0.006946]
[ 0.61172]
[-0.50658269]
[-0.05675834]
[-0.41492502]
[-0.00255718]
[-0.46195274]
[ 0.02832454]
[ 0.08163713]
[-0.79274894]
[ 0.26978088]
[ 0.11623661]
[ 0.17124927]
[ 0.12369145]
[ 0.11207678]
[ 0.39741035]
[ 0.15173395]
[ 0.48073525]
[-0.52967811]
[ 0.38607004]
[-0.03011255]
[ 0.70040726]
[-0.64298771]
[ 0.08215294]
[ 0.03237547]
[ 0.03973044]
[ 0.08216678]
[-0.71974665]
[ 0.29091313]
[-0.29412054]
[ 0.03491075]
[-0.04577597]
[ 0.02663548]
[ 0.60398297]
[-0.1565929]
[ 0.04809956]
[-0.73820563]
[-0.01646274]
[ 0.27599968]
[ 0.10108522]
[ 0.0448057]
[-0.15467028]
[ 0.08070931]
[ 0.12703035]
[-0.63158589]
[ 0.29003163]
[ 0.61918018]
[ 0.1071816]
[ 0.74171352]
[ 0.03405576]
[ 0.04363806]
[ 0.01060375]
[-0.00691578]
[-0.51215241]
[-0.18845806]
[ 0.64099536]
[-0.21503907]
[-0.21078451]
[ 0.08905032]
[ 0.01393412]
[ 0.00507578]
[-0.18122611]
[-0.51152538]
[-0.04590353]
[-0.90633169]
[ 0.40287524]
[ 0.50250553]
[ 0.39123509]
[-0.54039865]
[ 0.15845629]
[-0.54585012]
[-0.38349962]
[-0.15206632]
[ 0.10175015]
[ 0.13740581]
[-0.51099059]
[-0.0259197]
[-0.13334211]
[-0.41492502]
[-0.06270619]
[ 0.38400798]
[-0.02237136]
[ 0.03572268]
[-0.40800529]
[-0.41504067]
[ 0.24626865]
[ 0.65711646]
[ 0.15145732]
[-0.63092397]
[ 0.87265898]
[-0.20516693]
[-0.366969]
[ 0.1277446]
[ 0.10206487]
[ 0.0407297]
[ 0.02954419]
[ 0.72660457]
[ 1.1737703]
[ 0.05059365]
[ 0.01050314]
[-0.09110936]
[ 0.12728724]
[ 0.40564429]
[ 0.07090236]
[ 0.37988646]
[ 0.12323758]
[-0.19933172]
[ 0.02819008]
[ 1.07027223]
[-0.33174331]
[-0.62475729]
[ 0.13509046]
[-0.63782459]
[-0.42233523]
[ 0.46281512]
[-0.49345334]
[-0.00026044]
[-0.92625326]
[ 0.36150013]
[ 0.04692551]
[ 0.37539095]
[ 0.06497059]
[ 0.32041373]
[ 0.14748679]
[ 0.69508269]
[ 0.02453999]
[-0.01187704]
[ 0.13928764]
[ 0.36087321]
[ 0.31513309]
[-0.63022867]
[ 0.39187776]
[ 0.30291718]
[-0.53364547]
[-0.03740491]
[ 0.00782742]
[ 0.04555179]
[-0.09795923]
[ 0.49341695]
[-0.29610063]
[-0.25581784]
[ 0.08535233]
[-0.63075399]
[-0.00187526]
[-0.26632474]
[ 0.4754067]
[-0.03815494]
[-0.26218572]
[ 0.77349253]
[ 0.34026745]
[ 0.50027362]
[ 0.48507041]
[ 0.47179943]
[-0.04292402]
[ 0.09507651]
[-0.0423262]
[-0.19128983]
[-0.48232481]
[ 0.06011963]
[ 0.66351215]
[ 0.10182302]
[ 0.38192667]
[ 0.04284944]
[-0.26774839]
[ 0.42220074]
[-0.24111305]
[-0.06982698]
[ 0.1855431]
[-0.08569297]
[-0.38545137]
[-0.58511612]
[-0.25701192]
[-0.0141642]
[ 0.3109812]
[-0.25863023]
[ 0.52559523]
[ 0.39167913]
[ 0.52488779]
[-0.05180365]
[ 0.01923048]
[ 0.03385791]
[-0.00147021]
[ 0.37185372]
[ 0.305394]
[ 0.57737107]
[-0.55098381]
[ 0.03902277]
[-0.20343878]
[-0.27978317]
[ 0.03485022]
[ 0.08792053]
[ 0.00980234]
[ 0.13509046]
[-0.07196931]
[-0.21812287]
[ 0.10156129]
[ 0.36117975]
[-0.10937]
[-0.22406665]
[-0.3107033]
[-0.11778313]
[ 0.19103098]
[-0.00790709]
[ 0.4321379]
[-0.22305333]
[-0.06918293]
[ 0.0051057]
[ 0.0346125]
[-0.14839337]
[-0.30147133]
[ 0.25194754]
[-0.44338483]
[-0.18321932]
[-0.19127918]
[-1.07769917]
[-0.0261057]
[ 0.22145821]
[ 0.03507821]
[ 0.32950621]
[-0.28963794]
[ 0.35774942]
[ 0.39054755]
[-0.07633799]
[ 0.23432994]
[-0.53877708]
[ 0.32512455]
[ 0.35900411]
[-0.07171353]
[ 0.06724253]
[ 0.5548722]
[ 0.007246]
[-0.7601793]
[-0.35829723]
[ 0.43308778]
[-0.7373271]
[-0.764361]
[ 0.01955583]
[ 0.46708845]
[ 0.19194661]
[-0.63458082]
[ 0.49704894]
[-0.32667557]
[-0.40545817]
[ 0.55991465]
[-0.50223735]
[-0.09547649]
[ 0.37330799]
[-0.63013313]
[ 0.98817129]
[ 0.17341856]
[-0.01200665]
[ 0.38387197]
[ 0.12282588]
[ 0.65522611]
[-0.28400135]
[ 0.05309877]
[-0.06082549]
[ 0.6816268]
[ 0.10476924]
[-0.59425342]
[ 0.11903178]
[-0.02276282]
[-0.2057726]
[ 0.71739018]
[ 0.30870059]
[ 0.08156494]
[ 0.01677934]
[-0.15628469]
[ 0.00667317]
[ 0.10552316]
[-0.02502792]
[-0.27867638]
[ 0.78598031]
[-0.0436445]
[ 0.00488986]
[ 0.62211126]
[ 0.57294413]
[-0.38645716]
[ 0.36445849]
[-0.45464616]
[ 0.05164169]
[-0.51795951]
[ 0.25917398]
[-0.22200725]
[ 0.05839983]
[-0.416676]
[ 0.11253543]
[-0.08364631]
[-0.55791649]
[-0.52445084]
[ 0.12189811]
[-0.35360578]
[ 0.14796298]
[-0.03982744]
[-0.37412337]
[ 0.07325789]
[ 0.48166887]
[ 0.07430883]
[ 0.39248045]
[ 0.09588157]
[ 0.23842768]
[ 1.08920166]
[ 0.3562684]
[ 0.37972418]
[ 0.56864722]
[-0.77708179]
[-0.25657616]
[-0.53219175]
[-0.52738681]
[-0.01138123]
[ 0.09257195]
[ 0.06897562]
[-0.04588399]
[ 0.11660627]
[-0.06244242]
[ 0.65324331]
[ 0.05281243]
[-0.29701924]
[ 0.41836154]
[ 0.14162981]
[ 0.33820961]
[ 0.05206501]
[-0.11055516]
[-0.00135568]
[-0.35534511]
[ 0.77072467]
[ 0.449901]
[ 0.04532101]
[ 0.41133007]
[ 0.34180639]
[ 0.02861844]
[ 0.68090607]
[ 0.42858455]
[ 0.00967511]
[ 0.01245766]
[ 0.42143813]
[ 1.0813131]
[-0.37517928]
[ 0.38572585]
[-0.77330173]
[ 0.07855991]
[-0.50816762]
[-0.41959735]
[-0.73465846]
[-0.0107536]
[-0.01256361]
[ 0.00763353]
[ 0.01748228]
[ 0.41798943]
[-0.95618731]
[ 0.02932367]
[ 0.35209045]
[ 0.37230895]
[ 0.14288121]
[ 0.47873221]
[ 0.08594157]
[-0.43201024]
[-0.5540066]
[-0.66491851]
[ 0.40898122]
[-0.06463823]
[ 0.22728833]
[-0.06467886]
[-0.53944576]
[-0.04411157]
[ 0.0698248]
[ 0.03062951]
[-0.00245534]
[-0.4696627]
[-0.93252676]
[ 0.04993697]
[ 0.53928566]
[-0.10640935]
[-0.74283574]
[ 0.16414361]
[ 0.36758967]
[ 0.49503145]
[ 0.21083019]
[-0.46584999]
[ 0.21260293]
[ 0.3598008]
[-0.22493794]
[ 0.0500783]
[-0.26862392]
[-0.08808229]
[-0.01948816]
[ 0.0127163]
[ 0.12315387]
[-0.82230242]
[-0.04053766]
[ 0.1736516]
[-0.09486366]
[ 0.51894995]
[ 0.2780888]
[ 0.3078683]
[ 0.6030209]
[ 0.02768374]
[-0.04057584]
[-0.52157501]
[-0.0154129]
[-0.22384981]
[-0.00045005]
[ 0.4098009]
[-0.51464839]
[-0.1208845]
[-0.08190414]
[ 0.39868597]
[-0.13492556]
[ 0.16244749]
[ 0.02401451]
[ 0.36092912]
[-0.60604831]
[-0.35153939]
[ 0.21738033]
[ 0.60931782]
[-0.12730501]
[-0.12984364]
[ 0.02944936]
[ 0.69747391]
[-0.23434186]
[-0.65253537]
[-0.16396841]
[ 0.24006045]
[ 0.38732703]
[ 0.26430905]
[-0.01766761]
[-0.51046898]
[ 0.03790866]
[ 0.18021233]
[ 0.00101412]
[ 0.01623897]
[-0.46885452]
[ 0.78898533]
[-0.24573066]
[-0.07320446]
[-0.12467423]
[-0.45013959]
[-0.44639882]
[ 0.37581003]
[-0.10546632]
[-0.43659006]
[ 0.47489394]
[-0.66526386]
[-0.31218223]
[-0.41688033]
[ 0.02066192]
[ 0.03127524]
[ 0.12790694]
[ 0.40053289]
[-0.12084285]
[-0.2986964]
[-0.06537391]
[ 0.06555375]
[ 0.03344683]
[ 0.06214892]
[ 0.04343382]
[-0.06912374]
[-0.17869506]
[-0.10563482]
[-0.42435329]
[ 0.59589438]
[-0.64805106]
[-0.51360788]
[-0.13697538]
[ 0.71342483]
[-0.82417719]
[ 0.32388862]
[-0.31874171]
[ 0.56864239]
[ 0.28368634]
[-0.60501883]
[-0.01344575]
[ 0.00900528]
[ 0.13320654]
[ 0.39922455]
[ 0.34663995]
[ 0.53264184]
[-0.31443926]
[-0.51067132]
[ 0.02115477]
[ 0.55121818]
[-0.14384117]
[-0.35599598]
[-0.50036495]
[-0.47221895]
[ 0.41092655]
[-0.00212053]
[ 0.2064845]
[ 0.40484261]
[-0.56278353]
[-0.06357479]
[ 0.03463695]
[-0.0883116]
[-0.00789101]
[ 0.67052755]
[-0.689534]
[-0.07050469]
[-0.31402584]
[ 0.11769689]
[-0.02913836]
[-0.14750539]
[-0.08238283]
[ 0.36704448]
[-0.16731929]
[ 0.29936055]
[-0.11429457]
[ 0.10138933]
[ 0.32293343]
[-0.11800037]
[ 0.04966943]
[ 0.21348028]
[ 0.04072826]
[ 0.14143822]
[-0.46378432]
[-0.49348345]
[ 0.62198459]
[ 0.12333735]
[ 0.06910119]
[ 0.74286125]
[-0.16326767]
[ 0.28070243]
[ 0.47027669]
[ 0.08316737]
[-0.17369663]
[-0.02404971]
[-0.07004702]
[ 0.03999514]
[ 0.35414103]
[-0.56251275]
[ 0.49914035]
[-0.52947442]
[-0.39397249]
[-0.59151284]
[-0.58540028]
[ 0.57748808]
[ 0.61945325]
[ 0.05214688]
[ 0.24144325]
[-0.13893113]
[ 0.24506711]
[ 0.68440123]
[ 0.00934918]
[ 0.23490839]
[-0.87394696]
[ 0.23178035]
[-0.00140274]
[ 0.08938078]
[ 0.08786294]
[-0.36122692]
[ 0.05019006]
[ 0.04333967]
[-0.67519415]
[ 0.71718113]
[ 0.46973533]
[ 0.02709785]
[ 0.10200289]
[ 0.4260011]
[ 0.38895422]
[-0.43005804]
[-0.09434568]
[ 0.11368962]
[-0.21034064]
[ 0.42242464]
[-0.17553968]
[ 0.08444693]
[-0.56746871]
[ 0.49668813]
[ 0.11056745]
[ 0.04444839]
[-0.36772941]
[ 0.20501005]
[ 0.17497979]
[ 0.23022207]
[-0.28814955]
[-0.00563982]
[ 1.07226704]
[ 0.05208689]
[ 0.02910431]
[ 0.37978527]
[-0.03815742]
[-0.01308849]
[-0.09289134]
[-0.08382346]
[ 0.4838923]
[ 0.3066584]
[-0.19284219]
[-0.33060405]
[ 0.28884974]
[-0.38656381]
[-0.03707082]
[-0.64281884]
[ 0.34558002]
[ 0.49914645]
[ 0.05191816]
[-0.02347464]
[ 0.02641828]
[ 0.06179223]
[ 0.16315908]
[ 0.12044612]
[ 0.10343502]
[ 0.57274603]
[ 0.07305612]
[ 0.37036559]
[ 0.00102897]
[ 0.30415461]
[ 0.07117171]
[ 0.83330501]
[ 0.26948552]
[ 0.09813391]
[-0.59151284]
[ 0.4176552]
[ 0.03826265]
[ 0.11644329]
[-0.56304177]
[ 0.12139567]
[-0.46137973]
[-0.5405111]
[-0.11854571]
[ 1.09961147]
[ 0.54935614]
[ 0.11174977]
[ 0.26541311]
[ 0.25584013]
[-0.46586282]
[ 0.23112434]
[ 0.41169953]
[ 0.34656383]
[ 0.93098646]
[-0.75948786]
[ 0.37168243]
[-0.20875566]
[-0.0048834]
[ 0.54227732]
[-0.5505316]
[-0.08016411]
[-0.83703004]
[ 0.06835213]
[-0.01051249]
[ 0.1606544]
[ 0.05851677]
[-0.05338576]
[ 0.31765411]
[ 0.20271108]
[-0.74366794]
[ 0.37375276]
[-0.16267255]
[ 0.41494901]
[-0.11909077]
[ 0.48157154]
[-0.23483021]
[-0.6593848]
[ 0.00244349]
[ 0.60877217]
[-0.86177409]
[-0.40685709]
[ 0.77158355]
[-0.58928859]
[ 0.44458909]
[ 0.30974421]
[ 0.77910234]
[-0.10821969]
[ 0.36542855]
[-0.00126818]
[ 0.02605224]
[-0.67992595]
[ 0.0376439]
[-0.03572073]
[-0.2601346]
[ 0.34586431]
[-0.57706347]
[ 0.28387751]
[-0.5357445]
[ 0.05829745]
[-1.47196402]
[-0.11144444]
[-0.02684191]
[ 0.6207825]
[ 1.01863803]
[ 0.33889996]
[ 0.1088817]
[ 0.19282033]
[-0.22836888]
[ 0.02310556]
[-0.4561456]
[ 0.10236643]
[ 0.135417]
[-0.30671791]
[ 0.28609943]
[-0.63382884]
[-0.08341151]
[ 0.34262064]
[ 0.18658052]
[ 1.31533787]
[ 0.37185372]
[ 0.12198183]
[ 0.09430999]
[-0.29994686]
[ 0.22559581]
[ 0.05956524]
[-0.02224506]
[-0.08812091]
[ 0.67306556]
[ 0.52687702]
[ 0.18235533]
[ 0.19355289]
[ 0.08830146]
[ 0.05051343]
[-0.43639446]
[ 0.37488153]
[ 0.00669324]
[-0.0318252]
[ 0.12066628]
[-0.82565061]
[-0.00060563]
[-0.55397536]
[ 0.41577999]
[ 0.0793637]
[ 0.07306734]
[ 0.25674524]
[ 0.10059856]
[-0.53280148]
[-0.32532238]
[ 0.55838737]
[ 0.57724692]
[-0.56733688]
[ 0.38171888]
[ 0.46063262]
[ 0.68332326]
[ 0.33742574]
[-0.56369797]
[ 0.53004756]
[ 0.07923251]
[-0.38138475]
[ 0.02175511]
[-0.96304761]
[ 0.38640221]
[ 0.07061812]
[ 0.06681218]
[ 0.21111746]
[-0.46850775]
[-0.44999952]
[ 0.29298594]
[-0.07692848]
[-0.10191652]
[-0.44807374]
[ 0.48400366]
[ 0.04692194]
[-0.00253648]
[-0.18961389]
[ 0.04359833]
[ 0.04668417]
[-0.86918833]
[ 0.03723838]
[-0.16557925]
[ 0.37274937]
[-0.35657408]
[-0.15892642]
[-0.07985083]
[-0.10245812]
[ 0.09163623]
[-0.30421209]
[-0.409266]
[ 0.12408732]
[-0.6134346]
[ 0.24043903]
[-0.13494834]
[-0.05447652]
[ 0.49054472]
[-0.50871361]
[ 0.49338052]
[-0.46163963]
[-0.00414553]
[-0.04725776]
[ 0.10491674]
[ 0.3486352]
[ 0.01605021]
[ 0.38572585]
[-0.23168071]
[-0.12081655]
[ 0.68763535]
[ 0.4098009]
[-1.16511194]
[ 0.17372252]
[-0.04823075]
[ 0.05363388]
[ 0.03992809]
[ 0.36162806]
[-0.00319808]
[-0.19400081]
[-0.02591011]
[ 0.32992508]
[-0.56808838]
[ 0.02966439]
[ 0.04247492]
[ 0.13630108]
[ 0.10149374]
[-0.04071738]
[-0.44579919]
[ 0.14049737]
[ 0.06742355]
[ 0.36519975]
[ 0.34184016]
[-0.77263787]
[ 0.08646116]
[-0.4384649]
[ 0.10127448]
[-0.00123649]
[-0.61276125]
[-0.03078868]
[ 0.37463987]
[ 0.52940578]
[-0.38579769]
[ 0.02592899]
[ 0.69781567]
[ 0.03657646]
[-0.72606415]
[ 0.35202396]
[ 0.20021048]
[-0.10908847]
[ 0.01950794]
[ 1.07043658]
[ 0.04536763]
[-0.51165603]
[ 0.05102058]
[-0.37337631]
[ 0.70101013]
[-0.70805194]
[ 0.13273929]
[ 0.54733648]
[ 0.64697632]
[ 0.17881857]
[-0.33550473]
[-0.63475521]
[ 0.36860921]
[-0.5846232]
[-0.07682407]
[ 0.11266976]
[-0.14626842]
[ 0.67381159]
[ 0.03620717]
[-0.12926884]
[-0.1284257]
[-0.45988678]
[-0.03367922]
[ 0.05880808]
[-0.17096291]
[-0.01522203]
[ 0.09089309]
[ 0.03152799]
[ 0.74600263]
[ 0.32261816]
[-0.13054812]
[ 0.24807003]
[ 0.24155502]
[-0.53322385]
[ 0.07582611]
[ 0.5282257]
[ 0.163453]
[ 0.05435581]
[ 0.58676146]
[-0.610579]
[ 0.0862594]
[-0.09790729]
[ 0.67149634]
[-0.31020982]
[-0.05120599]
[-0.59083732]
[ 0.69885635]
[-0.05096392]
[ 0.03865287]
[-0.04205723]
[-0.15565031]
[ 0.39282105]
[ 0.01604094]
[ 0.238972]
[-0.94157104]
[-0.5228142]
[ 0.14181077]
[ 0.24213287]
[-0.04376952]
[-0.11250813]
[ 0.05217051]
[-0.83810335]
[ 0.386468]
[ 0.07071724]
[ 0.3108171]
[-0.6007446]
[-0.45413915]
[ 0.21878455]
[ 0.15983296]
[ 0.20191034]
[-0.52615754]
[ 0.47757341]
[-0.23394946]
[-0.25071635]
[ 0.39110338]
[ 0.02880144]
[-0.28171671]
[-0.0429367]
[-0.16288721]
[-0.54742988]
[ 0.26351616]
[ 0.1897178]
[ 0.01976535]
[ 0.00385912]
[-0.56126388]
[-0.50113592]
[ 0.24335685]
[-0.61768889]
[ 0.54989121]
[ 0.64686673]
[ 0.13540122]
[-0.3818577]
[ 0.03657085]
[-0.0098253]
[-0.04499133]
[-0.69455991]
[ 0.69887747]
[-0.00577]
[-0.03707082]
[ 0.05368996]
[ 1.04445207]
[-0.15125082]
[-0.06339152]
[ 0.02550821]
[-0.32022468]
[ 0.24210244]
[-0.79303095]
[ 0.59576808]
[-0.14959321]
[-0.31008903]
[-0.45870006]
[ 0.07163454]
[-0.07333477]
[ 0.68985471]
[-0.44301008]
[ 0.43151497]
[ 0.00618297]
[-0.22487305]
[ 0.7604759]
[ 0.37553457]
[ 0.06192003]
[ 0.18701236]
[ 0.10863165]
[-0.08530486]
[-0.50022297]
[ 0.92723109]
[-0.06230298]
[ 0.07047668]
[ 0.35218919]
[ 0.32145699]
[ 0.73270373]
[ 0.47245149]
[ 0.03776825]
[ 0.16890422]
[-0.31815997]
[ 0.27942615]
[-0.45894737]
[ 0.4098009]
[ 0.38185367]
[-0.54949832]
[ 0.0041609]
[ 0.35260592]
[-0.09601547]
[ 0.17409918]
[-0.13097374]
[ 0.11778819]
[ 0.09193917]
[-0.81210639]
[ 0.60171787]
[ 0.73897239]
[ 0.33001131]
[ 0.16995749]
[-0.27978317]
[-0.45447437]
[-0.97849428]
[ 0.02895211]
[-0.03275497]
[-0.67475056]
[-0.19432459]
[ 0.02368548]
[-0.18070532]
[ 0.27966547]
[-0.1421789]
[-0.08799609]
[ 0.22739961]
[ 0.29768559]
[ 0.69430843]
[ 0.05361784]
[ 0.00050576]
[-0.23933884]
[ 0.04367938]
[ 0.00128045]
[-0.39802552]
[ 0.02933119]
[-0.51685601]
[ 0.13965274]
[-0.02715031]
[ 0.23609289]
[ 0.09182873]
[ 0.77684597]
[-0.31314675]
[-0.48048294]
[-0.07669359]
[ 0.34223992]
[-0.3744031]
[ 0.57540648]
[-0.37975777]
[-0.47694904]
[-0.0248837]
[ 0.0539442]
[ 0.03218882]
[ 0.31610478]
[ 0.47502804]
[-0.18134432]
[ 0.20718829]
[-0.18299189]
[ 0.04963498]
[ 0.58906774]
[ 0.0034044]
[ 0.3155829]
[ 0.25840978]
[-0.36819797]
[-0.1885921]
[ 0.04737167]
[-0.02089278]
[-0.03493814]
[ 0.71702748]
[-0.68055428]
[ 0.84241524]
[-0.42212023]
[-0.48192716]
[-0.44366351]
[ 0.3490525]
[-0.29935116]
[ 0.10670763]
[-0.57562418]
[ 0.37122431]
[ 0.18235154]
[ 0.15270907]
[ 0.12195582]
[-0.59086688]
[ 0.36948116]
[ 0.00284745]
[-0.68771863]
[-0.18654178]
[ 0.34007196]
[-0.14697482]
[ 0.02478946]
[-1.03203989]
[ 0.25229671]
[-0.01484179]
[ 0.30153362]
[ 0.14477811]
[ 0.12091413]
[-0.02039878]
[-0.36333104]
[ 0.07242706]
[-0.06966902]
[ 0.17004113]
[ 0.42369157]
[ 0.1001164]
[ 0.10281136]
[-0.63049731]
[ 0.01518587]
[-0.43574778]
[-0.52677403]
[-0.46537237]
[-0.08949843]
[-0.08376386]
[-0.04590353]
[-0.18917374]
[ 0.0191883]
[-0.08976754]
[-0.02928214]
[-0.53520786]
[-0.24386296]
[ 0.00937714]
[ 1.09394362]
[ 0.19906056]
[ 0.69228554]
[ 0.20784182]
[ 0.03210247]
[ 0.24851056]
[-0.03504512]
[ 0.11292049]
[ 0.11216952]
[-0.62605635]
[ 0.34851344]
[ 0.72808877]
[ 0.18101064]
[ 0.27336591]
[ 0.3920141]
[-0.02342116]
[ 0.15560645]
[ 0.26606405]
[ 0.01076395]
[-0.58152741]
[ 0.11860068]
[-0.22975358]
[ 0.1671698]
[ 0.19916416]
[-0.53242135]
[-0.32291969]
[-0.81915277]
[ 0.4697174]
[ 0.36814651]
[-0.03724726]
[-0.24229212]
[-0.35248734]
[ 0.0166282]
[-0.60872003]
[ 0.15400253]
[-0.02098668]
[ 0.05400074]
[-0.04175515]
[ 0.30533351]
[-0.42618406]
[-0.02012515]
[-0.07477376]
[ 0.04620988]
[ 0.03794789]
[ 0.0044227]
[ 0.0839169]
[-0.53499211]
[-0.24038685]
[ 0.3281867]
[-1.34886678]
[-0.28567423]
[ 0.4098009]
[ 0.4152265]
[ 1.09063148]
[ 0.32245062]
[ 0.45778727]
[ 0.00809704]
[-0.02193291]
[-0.35219344]
[ 0.07442799]
[ 0.0837844]
[ 0.07968162]
[ 0.31910283]
[-0.15230662]
[ 0.23557057]
[ 0.05016072]
[-0.29743907]
[ 0.50038911]
[-0.11495226]
[-0.52125021]
[ 0.40441221]
[ 0.32815866]
[ 0.21608837]
[-0.35153939]
[-0.56240572]
[-0.03678818]
[ 0.54399938]
[ 0.41988374]
[ 0.05637033]
[-0.56454911]
[ 0.10724556]
[ 0.33092243]
[ 0.0133691]
[ 0.50778741]
[ 0.91012505]
[ 0.00944797]
[ 0.24958682]
[ 0.69272438]
[-0.01749718]
[ 0.31001171]
[-0.03564353]
[-0.11115261]
[-0.22179877]
[ 0.1740938]
[-0.47184619]
[-0.60770526]
[ 0.84027046]
[-0.49019966]
[-0.43317431]
[ 0.23524559]
[-0.01489556]
[ 0.81272773]
[ 0.79226271]
[-0.44757892]
[ 0.06245972]
[ 0.02556476]
[-0.79247851]
[-0.04557494]
[ 0.27082457]
[-0.00630303]
[ 0.17318585]
[ 0.20425687]
[-0.0423262]
[-0.13177186]
[ 0.37185372]
[-0.00276939]
[ 0.14564654]
[ 0.22479782]
[ 0.4803324]
[ 0.28334319]
[-0.36750572]
[-0.57581801]
[-0.41645166]
[ 0.50389924]
[ 0.31873957]
[-0.02099875]
[ 0.05619989]
[ 0.15290018]
[-0.2730423]
[ 0.01183249]
[-0.00043671]
[-0.04806521]
[-0.11838594]
[ 0.08278721]
[-0.26811657]
[ 0.7493787]
[ 1.2038366]
[ 0.19689189]
[-0.6435337]
[-0.25553861]
[-0.63293873]
[ 0.79307444]
[ 0.26362622]
[ 0.04157424]
[-0.53317625]
[ 0.21070796]
[ 0.05108756]
[ 0.11044677]
[-0.00689494]
[-0.72223349]
[-0.80913999]
[ 0.0027691]
[ 0.2153926]
[-0.03739926]
[-0.53126289]
[-0.27479829]
[ 0.02077779]
[-0.04322668]
[ 0.61174746]
[ 0.3835699]
[-0.21328417]
[ 0.01597655]
[-0.20618069]
[ 0.02377918]
[ 0.29746521]
[-0.62657452]
[-0.23139533]
[-0.94345487]
[-0.15495477]
[ 0.0210701]
[-0.29384192]
[-0.26413826]
[-0.60904519]
[ 0.62528479]
[-0.72808979]
[-0.03968451]
[ 0.36565281]
[ 0.268887]
[-0.00091561]
[ 0.04406062]
[-0.66738419]
[ 0.76944204]
[ 0.05218765]
[-0.0063284]
[-0.13171313]
[-0.15522018]
[ 0.03979542]
[-0.0530173]
[-0.53895062]
[-0.13492062]
[ 0.31093338]
[-0.81004678]
[-0.44708665]
[-0.3635438]
[ 0.01101023]
[ 0.38716719]
[ 0.04228537]
[ 0.5059861]
[-0.08699898]
[ 0.25950772]
[ 0.31364702]
[ 0.32329137]
[-0.06369951]
[ 0.30389602]
[ 0.3513162]
[ 0.39661338]
[ 0.39560329]
[ 0.38660329]
[-0.65372779]
[ 0.05505509]
[-0.29307332]
[ 0.0583473]
[ 0.20714334]
[ 0.14059333]
[-0.20484581]
[ 0.36849179]
[ 0.34446927]
[-0.11726643]
[ 0.07592411]
[ 0.04271623]
[-0.01889885]
[ 0.36150013]
[ 0.01631649]
[ 0.1050959]
[-0.46941704]
[-0.02409491]
[-0.64190441]
[-0.54553734]
[ 0.22325806]
[-0.01198204]
[ 0.12920286]
[ 0.05024307]
[-0.70518287]
[-0.70976728]
[-0.07944849]
[ 0.06744127]
[-0.64735182]
[ 0.27129545]
[ 0.12133457]
[ 0.73723535]
[-0.28477546]
[ 0.49241587]
[ 0.5916252]
[ 0.47790883]
[-0.36960302]
[ 0.05194563]
[ 0.10512531]
[-0.37133164]
[-0.34136256]
[-0.049103]
[ 0.19199467]
[ 0.2654066]
[ 0.08876118]
[-0.5898769]
[ 0.02878123]
[ 0.38288478]
[-0.18134432]
[ 0.08421855]
[ 0.47090309]
[-0.4831238]
[ 0.12061411]
[-0.48752581]
[-0.04343423]
[-1.94865278]
[ 0.08380882]
[ 0.39485615]
[ 0.22822776]
[ 0.10951198]
[ 0.14021053]
[ 0.49630034]
[-0.00787807]
[ 0.25828804]
[ 0.00138203]
[ 0.34796887]
[-0.68457886]
[-0.03919198]
[ 0.03569727]
[ 0.10089816]
[-0.03019577]
[ 0.03910999]
[ 0.31982788]
[ 0.01956358]
[ 0.11468372]
[-0.52338304]
[ 0.20524557]
[ 0.62991568]
[ 0.04671744]
[ 0.37588719]
[-0.10420079]
[ 0.5261083]
[-0.16320703]
[ 0.46791838]
[ 0.0558669]
[-0.25728953]
[ 0.27178783]
[ 0.26763955]
[ 0.47315421]
[ 0.29688413]
[-0.14857539]
[-0.05350732]
[-0.55624584]
[-0.2584289]
[-0.01199417]
[-0.25138592]
[-0.73760582]
[ 0.92584387]
[-0.02848559]
[ 0.48592759]
[-0.11057073]
[-0.77062865]
[-0.16159268]
[ 0.02497762]
[ 0.49066586]
[ 0.10463963]
[ 0.05308373]
[ 0.09549711]
[-0.04262483]
[ 0.08631183]
[-1.35317393]
[ 0.02075414]
[-0.02241687]
[ 0.08704489]
[-0.43507424]
[ 0.0779434]
[-0.03145118]
[-0.182815]
[ 1.01784833]
[-0.07617822]
[ 0.02627617]
[ 0.10564881]
[ 0.75898826]
[-0.4799238]
[-0.59730826]
[-0.31227259]
[-0.39479002]
[-0.36313722]
[-0.23627304]
[ 0.17111647]
[-0.31939853]
[ 0.06252785]
[ 0.68672154]
[ 0.08107563]
[ 0.47660862]
[ 0.05095971]
[ 0.00973992]
[ 0.66273767]
[ 0.74109798]
[-0.04343956]
[-0.04588683]
[ 0.43932094]
[-0.47228644]
[-0.24411921]
[ 0.44963261]
[ 0.4135118]
[-0.39063165]
[-0.1231433]
[-0.20639051]
[ 0.09565725]
[-0.02537411]
[ 0.9290355]
[ 0.04427951]
[ 0.05336469]
[-0.09448563]
[-0.13548145]
[-0.42575618]
[ 0.39355968]
[ 0.43976707]
[-0.26081133]
[-0.10082826]
[-0.42968609]
[-1.237758]
[ 0.15405003]
[ 0.01275292]
[ 0.28898588]
[ 0.25495429]
[-0.42302691]
[-0.06730907]
[ 0.10861921]
[-0.09479221]
[ 0.28266124]
[ 0.209738]
[ 0.06982764]
[ 0.85340956]
[-0.447125]
[ 0.48481305]
[ 0.05482899]
[-0.00664045]
[ 0.01125074]
[-0.19449285]
[-0.67827017]
[-0.04806521]
[ 0.12579113]
[ 0.14619466]
[ 0.4151619]
[-0.06383639]
[ 0.19411022]
[ 0.09126997]
[-0.60373191]
[-0.67445792]
[ 0.13340281]
[-0.65739649]
[-1.51587419]
[-0.0480621]
[-0.17006242]
[ 0.43897238]
[-0.72359234]
[-0.51752083]
[-0.11528562]
[ 0.3547406]
[ 0.2137478]
[-0.65949475]
[-0.17346574]
[-0.26760346]
[ 0.15645663]
[ 0.30420674]
[-0.5669597]
[ 0.68297122]
[ 0.52800714]
[-0.24089481]
[-0.2966686]
[ 0.08876418]
[-0.00269422]
[-0.73816846]
[-0.62460331]
[ 0.00513954]
[ 0.57302613]
[-0.51370431]
[ 0.32906095]
[ 0.31324296]
[-0.62559531]
[ 0.38023447]
[ 0.36289183]
[ 0.05951338]
[ 0.83412326]
[ 0.01042505]
[ 0.10577375]
[-0.48907624]
[ 0.08663206]
[ 0.01814234]
[ 0.01035331]
[-0.1797168]
[ 0.09555546]
[ 0.10090553]
[ 0.09618235]
[-0.0524204]
[-0.38656381]
[ 0.41068046]
[ 0.69728121]
[ 0.03042149]
[-0.41319225]
[ 0.00133129]
[-0.46590318]
[-0.10045285]
[ 0.34986222]
[ 0.20738048]
[-0.71773527]
[ 0.57503889]
[ 0.15161887]
[-0.53356471]
[ 0.14625613]
[ 0.76434269]
[ 1.42730999]
[-0.11300101]
[ 0.23556502]
[ 0.64038191]
[-0.07694571]
[-0.44123721]
[-0.20993417]
[ 0.11719046]
[-0.06908443]
[-0.12124838]
[-0.13505189]
[ 0.09771654]
[ 0.02289867]
[ 0.00860826]
[ 0.13076241]
[-0.18762337]
[ 0.07330817]
[-0.18482559]
[ 0.05774998]
[ 0.20214612]
[-0.01198999]
[-0.02210307]
[ 0.19387674]
[ 0.38914486]
[-0.58405971]
[-0.51520571]
[ 0.17466709]
[ 0.06944487]
[ 0.23996056]
[ 0.28386225]
[-0.66976457]
[ 0.67990388]
[ 0.06090337]
[-0.6949236]
[ 0.14931359]
[-0.44613501]
[ 0.06991788]
[-0.37519645]
[ 0.6351138]
[ 0.37998042]
[ 0.05290462]
[-0.22076085]
[ 0.01496543]
[-0.02901382]
[ 0.15682529]
[ 0.36928328]
[-0.55757317]
[ 0.15860296]
[ 0.66518968]
[ 0.49266417]
[ 0.00319098]
[-0.72067753]
[ 0.38576678]
[-0.49525479]
[ 0.29034882]
[ 0.486023]
[-0.21189712]
[ 0.08832371]
[ 0.32687963]
[ 0.65082015]
[ 0.23986579]
[ 0.62356448]
[-0.45729492]
[-0.04862726]
[ 0.0357545]
[-0.8363955]
[ 0.38409057]
[-0.67083837]
[ 0.4444464]
[-0.14653986]
[ 0.34412711]
[ 0.05889953]
[ 0.29925513]
[-0.3905485]
[ 0.37821124]
[-0.04872626]
[-0.07916341]
[-0.90582761]
[-0.0378507]
[-0.18616049]
[-0.18147823]
[ 0.12740814]
[-0.51188525]
[-0.37260024]
[ 0.27619148]
[ 0.04423876]
[ 0.00887403]
[ 0.06264186]
[ 0.00195305]
[-0.07016744]
[-0.5566467]
[-0.8912976]
[-0.49194797]
[-0.46134299]
[-0.11681123]
[ 0.02526651]
[-0.040155]
[-0.66097377]
[ 0.08123784]
[-0.81889437]
[-0.50268959]
[-0.40519436]
[ 0.14794003]
[ 0.18477422]
[-0.29568253]
[ 0.2946598]
[-0.3503828]
[-0.51800662]
[ 0.52061668]
[-0.0631469]
[-0.5669597]
[-0.48920766]
[-0.5459475]
[-0.69335674]
[ 0.03324287]
[ 0.70340763]
[-0.25480604]
[ 0.04246621]
[ 0.30076547]
[ 0.09372408]
[-0.0275203]
[ 0.05670916]
[ 0.69795762]
[ 0.01148875]
[-0.48068649]
[-0.52967811]
[ 0.27332669]
[ 0.3684362]
[ 0.14240334]
[-0.8403152]
[-0.71127792]
[ 0.44648452]
[ 0.00429908]
[-0.15397506]
[-0.00598217]
[-0.08290815]
[-0.20294037]
[-0.06852551]
[-0.00837602]
[-0.30081468]
[ 0.11510434]
[ 0.34115132]
[-0.56055205]
[-0.13943916]
[ 0.05156271]
[ 0.08896406]
[ 0.02027714]
[-0.35558133]
[ 0.01561622]
[ 0.37988646]
[-0.08251141]
[-0.41492502]
[-0.121753]
[ 0.04082742]
[ 1.03839921]
[-0.08507971]
[ 0.04162387]
[ 0.00695111]
[ 0.03444242]
[ 0.76343523]
[ 0.45478986]
[ 0.69541188]
[-0.53578251]
[-0.25912561]
[-0.25938029]
[-1.39971247]
[ 0.53156582]
[-0.50329846]
[ 0.57889116]
[-0.3954687]
[ 0.05806982]
[-0.67123626]
[ 0.1878156]
[-0.01266747]
[ 0.02205842]
[ 0.09372776]
[-0.75019295]
[-0.8906744]
[-0.4847192]
[ 0.30959983]
[-0.63160902]
[-0.15794496]
[ 0.05252566]
[ 0.00271508]
[ 0.27841688]
[-0.4160348]
[ 0.33299551]
[ 0.04621163]
[ 0.08735261]
[ 0.38388613]
[ 0.00126456]
[ 0.81263236]
[ 0.03863426]
[ 0.00677207]
[ 0.22124694]
[ 0.15236876]
[-0.4506616]
[-0.01632423]
[-0.08807166]
[ 0.11384055]
[ 0.28757107]
[-0.05915557]
[ 0.15453908]
[-0.37285654]
[-0.10616292]
[ 0.02779679]
[-0.14280046]
[-0.80956659]
[-0.55058019]
[-0.61040833]
[-0.661716]
[-0.01693736]
[-0.24379119]
[-0.34976154]
[-0.04241983]
[-0.71665769]
[ 0.17647429]
[ 1.12961473]
[-0.0219441]
[-0.14996684]
[ 1.17730765]
[ 0.05229165]
[-0.18953725]
[ 0.6760475]
[ 0.11488124]
[ 0.07511458]
[ 0.29646867]
[ 0.87052682]
[ 0.01201497]
[ 0.07832608]
[ 0.26117315]
[ 0.03055488]
[ 0.05130287]
[ 0.01672226]
[-0.81476509]
[-0.04061893]
[ 0.01161585]
[-0.00704197]
[ 0.03985023]
[-0.37940635]
[-0.02596953]
[ 0.40305933]
[-0.20053482]
[-0.36819797]
[ 0.5510985]
[-0.63789628]
[ 0.03380863]
[ 0.0360683]
[ 0.3700616]
[ 0.36197999]
[-0.67934503]
[ 0.25205958]
[-1.07532949]
[ 0.15939838]
[ 0.0399478]
[ 0.04510774]
[-0.67445301]
[ 0.07431436]
[-0.15703881]
[-0.49611526]
[-0.57516874]
[ 0.59038191]
[ 1.66690549]
[ 0.42715996]
[ 0.09818276]
[-0.17194017]
[ 0.42782237]
[-0.17250427]
[ 0.25356786]
[-0.37938202]
[ 0.28988815]
[ 0.3187786]
[ 0.27966547]
[ 0.49856316]
[-0.26702116]
[-0.20163229]
[-0.19460337]
[-0.98484914]
[-0.01379053]
[ 0.5550135]
[-0.24340368]
[-0.06074003]
[-0.01386795]
[ 0.00200009]
[ 0.42884002]
[-0.74182824]
[-0.3108486]
[-0.27411906]
[-0.63843221]
[ 0.37185372]
[ 0.97987752]
[-0.76252077]
[-0.72470218]
[-0.34880166]
[-0.79452993]
[-0.30946738]
[ 0.37330799]
[-0.00399289]
[ 0.17549276]
[-0.42929794]
[-0.55520167]
[-0.12588049]
[ 0.63313968]
[-0.03832333]
[-0.00920206]
[ 0.02972175]
[-0.15198041]
[ 0.00535713]
[ 0.26547399]
[ 0.29652641]
[ 0.13258803]
[-0.16634596]
[ 0.04233775]
[-0.54715578]
[-0.69931781]
[-0.49747851]
[ 1.26462877]
[-0.13676162]
[-0.59207849]
[ 0.56694162]
[ 0.17989571]
[-0.04736699]
[ 0.44512306]
[-0.16428255]
[-0.61757507]
[ 0.10366787]
[ 0.01376465]
[-0.11385542]
[-0.17011187]
[ 0.53267717]
[ 0.18331456]
[ 0.65747812]
[-0.15965062]
[ 0.33069736]
[ 0.55181715]
[-0.42470054]
[-0.54152688]
[ 0.02685511]
[ 0.16509848]
[ 0.51335298]
[-0.71802959]
[ 0.02526651]
[-0.12099619]
[ 0.06055753]
[ 0.04151808]
[ 0.39811305]
[ 0.07706732]
[-0.04586536]
[ 0.62438254]
[-0.63008706]
[-0.10243302]
[ 0.43923903]
[ 0.10418134]
[-0.22849083]
[ 0.25325738]
[ 0.03382021]
[ 0.40109276]
[ 0.39676378]
[ 0.31395867]
[ 0.22258898]
[ 0.09481249]
[-0.40843572]
[ 0.00597421]
[ 0.01796645]
[-0.31480851]
[-0.70855657]
[-0.37139695]
[-0.10189784]
[ 0.04582147]
[ 0.28033611]
[ 0.18410147]
[ 0.05498461]
[ 0.00510541]
[ 0.06084599]
[-0.07550157]
[ 0.03468458]
[-0.01311993]
[-0.80823554]
[-0.05087897]
[-0.62081782]
[-0.6810795]
[-0.35321779]
[ 0.29475206]
[-0.49525804]
[ 0.43751247]
[ 0.16247359]
[-0.38724994]
[ 0.08343351]
[ 0.03948542]
[-0.55452516]
[-0.28009466]
[-0.22344826]
[-0.6588588]
[ 0.30250207]
[ 0.23293099]
[-0.56439836]
[ 0.05641841]
[ 0.06806519]
[-0.74708948]
[ 0.46464399]
[ 0.27049557]
[-0.04199197]
[ 0.17486169]
[ 0.09136983]
[ 0.03155493]
[ 0.05990172]
[ 0.41166326]
[ 0.30611293]
[-0.18598286]
[ 0.01108486]
[-0.44516892]
[-0.00077297]
[ 0.3900374]
[ 0.34580533]
[-0.23283056]
[ 0.18664092]
[ 0.35066409]
[-0.35833187]
[-0.37561663]
[-0.13663285]
[-0.21525785]
[-0.48944872]
[-0.51047398]
[-0.91372187]
[-0.63824232]
[-0.1337052]
[-0.29692148]
[-0.32930009]
[-0.53307062]
[ 0.11508267]
[-0.00098012]
[ 0.05400074]
[ 0.01359104]
[ 0.03970816]
[ 0.04752401]
[-0.03984457]
[ 0.0266385]
[ 0.07438262]
[ 0.6125436]
[-0.53506505]
[ 0.27966547]
[ 0.05040403]
[ 0.35944064]
[ 0.86051553]
[-0.08619856]
[ 0.11453361]
[-0.43966597]
[-0.27514952]
[-0.04765859]
[ 0.69690428]
[-0.48532273]
[-0.63229197]
[-0.09881399]
[-0.39439985]
[ 0.38902248]
[-0.44104798]
[ 0.30706772]
[-0.59604006]
[-0.49050509]
[ 0.04535349]
[ 0.03850875]
[-0.29930219]
[-0.19065649]
[-0.00919564]
[ 0.22148237]
[-0.05737021]
[ 0.28578029]
[ 0.662807]
[-0.31702579]
[-0.56754895]
[-0.50566372]
[-0.57176987]
[ 0.51249448]
[ 0.07826724]
[ 0.05402549]
[ 0.08792638]
[ 0.05800923]
[ 0.30648555]
[ 0.00587014]
[-0.27128787]
[ 0.29768559]
[ 0.45282165]
[ 0.20622227]
[ 0.07849185]
[ 0.02814164]
[-0.11019949]
[ 0.13384951]
[-0.0718629]
[ 0.04255014]
[ 0.7379901]
[ 0.4233897]
[-0.38275883]
[-0.64848597]
[-0.02027654]
[-0.63081076]
[ 0.22702716]
[ 0.2650284]
[ 0.2292433]
[-0.05433748]
[ 0.04785274]
[ 0.01288096]
[ 0.88766068]
[-0.74427143]
[ 0.38362212]
[-0.02631681]
[-0.05178679]
[ 0.27759519]
[ 0.03787535]
[ 0.05584084]
[-0.02530363]
[-0.66569143]
[-0.32913443]
[ 0.00970298]
[-0.24180172]
[ 0.31092482]
[-0.04679341]
[-1.04179848]
[ 0.02129322]
[-0.03003815]
[ 0.05379304]
[-0.68679505]
[ 0.39152674]
[ 0.10479214]
[ 0.07852357]
[-0.08779597]
[ 0.38205679]
[-0.58928859]
[ 0.42052226]
[ 0.00602]
[-0.3020009]
[-0.21011421]
[ 0.48394205]
[ 0.39925869]
[-0.27978317]
[-0.65261041]
[ 0.1324495]
[-0.31033764]
[ 0.21105948]
[ 0.25128622]
[-0.51273953]
[ 0.02968416]
[ 0.00436957]
[-0.10171679]
[-0.12110708]
[-0.0241606]
[ 0.2535218]
[ 0.10122994]
[ 0.37573414]
[-1.0606472]
[ 0.37522604]
[-0.01921459]
[ 0.70035988]
[ 0.10680691]
[ 0.01157809]
[-0.04539331]
[-0.37692825]
[ 0.03554918]
[ 0.39519929]
[ 0.21057368]
[-0.19810432]
[ 0.02339751]
[-0.45864557]
[ 0.50373939]
[ 0.13902247]
[ 0.07098024]
[-0.13276455]
[-0.40939059]
[ 0.44271258]
[ 0.71893612]
[-0.55292654]
[-0.09605654]
[-0.07861962]
[ 0.13750057]
[ 0.52878761]
[ 0.20117009]
[ 0.38453556]
[-0.46910938]
[ 0.32133792]
[-0.67574202]
[-0.15113039]
[ 0.42945128]
[ 0.09359616]
[ 0.58804976]
[-0.90405225]
[-0.02438186]
[-0.24074414]
[ 0.42322263]
[-0.0912329]
[ 0.01765176]
[ 0.45760704]
[ 0.75107613]
[-0.00092549]
[-0.44646532]
[-0.62699893]
[-1.34355408]
[ 0.02384934]
[ 0.20625294]
[ 0.38182533]
[ 0.03864197]
[-0.63830137]
[-0.1701665]
[-0.07585224]
[ 0.57763954]
[ 1.05754831]
[ 0.21962326]
[ 0.23772333]
[-0.03420226]
[-0.47716291]
[-0.1416158]
[ 0.31719884]
[-0.68610041]
[-0.02448733]
[-0.34830415]
[ 0.05873757]
[-0.01729624]
[-0.01083819]
[ 0.38881761]
[-0.49423378]
[-0.61887938]
[ 0.12549892]
[ 0.43534464]
[ 0.1173364]
[-0.39414797]
[-0.0080501]
[-0.46439578]
[ 0.66041932]
[-1.32724988]
[-0.03087755]
[ 0.03467981]
[-0.0226197]
[-0.57643082]
[ 0.3760773]
[ 0.03155043]
[-0.05425306]
[ 0.30529304]
[ 0.30602503]
[ 0.00196387]
[-0.04344925]
[ 0.01781286]
[-0.58966152]
[-0.3934725]
[-0.05485167]
[-0.02384992]
[-0.1731497]
[ 0.01304091]
[ 0.59020123]
[-0.03352735]
[-0.34178701]
[-0.09334954]
[ 0.44935047]
[-0.3544469]
[-0.48505732]
[-0.07037946]
[ 0.4098009]
[ 0.04119696]
[ 0.48426772]
[ 0.36691779]
[-0.52109429]
[ 0.1211992]
[-0.50276899]
[-0.01247771]
[ 0.83402088]
[ 0.45117962]
[ 0.48100271]
[-0.55769083]
[ 0.16105264]
[ 0.03632098]
[-0.02474321]
[ 0.20418025]
[-0.35271617]
[-0.54155587]
[ 0.14028842]
[-0.19265683]
[ 0.05927799]
[ 0.32621307]
[-0.17380934]
[-0.28259515]
[-0.3914061]
[-0.59886505]
[-0.07440089]
[-0.12007163]
[ 0.07807361]
[ 0.59204115]
[-0.60130175]
[ 0.50793952]
[-0.11538551]
[-0.56467045]
[-0.50547434]
[-0.36968464]
[-0.26418113]
[ 0.02143396]
[ 0.49917295]
[ 0.11637736]
[ 0.36883421]
[-0.50834812]
[ 0.04670507]
[ 0.37736609]
[-0.09140134]
[-0.29360632]
[ 0.33336844]
[-0.72393392]
[ 0.44572965]
[ 0.67136997]
[-0.01157355]
[ 0.40224713]
[ 0.27972825]
[ 0.40290334]
[-0.66396584]
[ 0.76565254]
[-0.16078948]
[-0.06757408]
[-0.43340156]
[-0.28234587]
[ 0.25484851]
[-0.59105118]
[ 0.44063545]
[-0.40005774]
[ 0.10620305]
[ 0.0208952]
[-0.14079963]
[-0.82385114]
[ 0.7608284]
[-0.32476885]
[ 0.32113038]
[ 0.43634935]
[-0.24166897]
[ 0.43662858]
[ 0.76850859]
[ 0.42064311]
[ 0.03395422]
[ 0.20685979]
[ 0.03984013]
[-0.52501203]
[-0.61365422]
[ 0.32619349]
[-0.00631714]
[ 0.01359104]
[-0.08869418]
[ 0.00507345]
[-0.1560395]
[-0.32048274]
[ 0.27405174]
[ 0.20952392]
[ 0.69731]
[-0.03533594]
[-0.69529605]
[-0.13838685]
[-0.59364526]
[ 0.03326643]
[-0.01725323]
[-0.05014591]
[-0.05188281]
[-0.51041199]
[ 0.67751131]
[-0.50620709]
[-0.09884563]
[ 0.30389602]
[-0.09231067]
[-0.00295995]
[-1.17233519]
[-0.0640345]
[ 0.42931285]
[ 0.01652857]
[-0.16807233]
[ 0.03126105]
[ 0.04282497]
[ 0.64566874]
[ 0.04097742]
[-0.01895966]
[ 0.01953673]
[-0.66212544]
[-0.15848933]
[ 0.15574183]
[ 0.22553346]
[-0.01064811]
[-0.15806247]
[ 0.06873965]
[ 0.45774758]
[-0.06871023]
[-0.49758703]
[ 0.43028306]
[ 0.04982968]
[ 0.31021975]
[ 0.33487835]
[ 0.44374975]
[-0.26377939]
[ 0.21431223]
[ 1.10786353]
[ 0.00428763]
[ 0.9265335]
[ 0.06288479]
[-0.47211476]
[ 0.37115498]
[ 0.09185382]
[ 0.36810496]
[-0.02656453]
[-0.32614473]
[ 0.15386007]
[ 0.0371585]
[ 0.38536352]
[ 0.0653391]
[-0.07987749]
[-0.12698772]
[-0.888189]
[-0.18812032]
[-0.5079064]
[ 0.43108104]
[-0.02221995]
[ 0.29251718]
[-0.27707649]
[-0.04933651]
[-0.14843105]
[ 0.55299198]
[ 0.64523555]
[-0.03653211]
[ 0.3450935]
[ 0.54866326]
[ 0.07683755]
[-0.15814091]
[ 0.0553574]
[ 0.17643106]
[ 0.06733293]
[-0.56344976]
[-0.01581234]
[ 0.70022684]
[ 0.1037414]
[ 0.1258436]
[-0.04248894]
[-0.13097374]
[ 0.12804221]
[-0.26559841]
[ 0.03641155]
[-0.56170145]
[-0.50823662]
[ 0.06686975]
[ 0.00361972]
[ 0.22784921]
[-1.06782547]
[-0.16998566]
[-0.58966152]
[ 0.00578008]
[-0.17358898]
[ 0.41305322]
[ 0.11890415]
[ 0.10244039]
[ 0.35236976]
[ 0.17187662]
[ 0.23804357]
[ 0.30451916]
[-0.35340547]
[-0.01385982]
[-0.53222582]
[ 0.35836523]
[-0.55036045]
[-0.04274082]
[-0.49298308]
[-0.51365333]
[ 0.01882345]
[ 0.22134547]
[ 0.15267747]
[-0.0205761]
[-0.56185574]
[ 0.15255126]
[ 0.27221208]
[ 0.29686157]
[-0.32834533]
[ 0.40346036]
[ 0.91360679]
[-0.4032541]
[ 0.25083964]
[-0.29572497]
[ 0.35113692]
[-0.03032989]
[ 0.06092384]
[ 0.12861236]
[-0.239705]
[-0.00058927]
[-0.77582638]
[ 0.03417089]
[-0.57298216]
[ 0.38572585]
[ 0.09522799]
[ 0.42643085]
[-0.19714084]
[-1.00927173]
[-0.03217649]
[-0.00615656]
[-0.3724878]
[ 0.02012475]
[ 0.00192817]
[ 0.11451865]
[ 0.38176419]
[-0.32605857]
[ 0.07812841]
[ 0.45886145]
[-0.37695896]
[ 0.51894669]
[ 0.30124508]
[-0.11299626]
[ 0.05060817]
[ 0.20013478]
[ 0.74738157]
[-0.18024399]
[ 0.43120738]
[-0.18174548]
[-0.64679108]
[-0.02936175]
[-0.50158138]
[ 0.03462623]
[ 0.0744195]
[ 0.48020518]
[-0.06674236]
[ 0.47325858]
[-0.08160056]
[ 0.3751655]
[-0.48323495]
[ 0.31559388]
[ 0.04425573]
[ 0.00271729]
[ 0.58528803]
[ 0.10652203]
[-0.54561697]
[-0.65229915]
[-0.14938457]
[ 0.25208856]
[ 0.07033482]
[ 0.1094662]
[ 0.40121862]
[-0.08982837]
[ 0.71970657]
[ 0.15806785]
[ 0.04598261]
[ 0.0684373]
[-0.55454141]
[-0.06668353]
[ 0.00110315]
[-0.08246646]
[-0.494519]
[-0.60519126]
[ 0.14250972]
[-0.7054143]
[-1.49740691]
[ 0.14358948]
[-0.0619452]
[-0.13012719]
[ 0.05430948]
[-0.05751697]
[ 0.67114466]
[ 0.37696808]
[ 0.73846045]
[ 0.02335024]
[ 0.76035387]
[-0.27193507]
[-0.22082459]
[ 0.35490866]
[-0.00134773]
[-0.52050859]
[-0.56290779]
[ 0.01673107]
[ 0.05723121]
[ 0.8711893]
[ 0.04037953]
[-0.00111637]
[-0.24450624]
[-0.07941011]
[ 0.38270929]
[-0.01058214]
[-0.24602366]
[ 0.39511589]
[ 0.2459178]
[ 0.12724791]
[ 0.03535099]
[-0.62140661]
[ 0.28670107]
[ 0.06688072]
[ 0.43562077]
[-0.50342547]
[-0.42229116]
[-0.12640355]
[ 0.04667975]
[-0.01377719]
[-0.12981742]
[-0.05064101]
[ 0.00480617]
[ 0.66376161]
[ 0.00747024]
[ 0.49417734]
[ 0.4613256]
[-0.22525837]
[-0.010145]
[-0.08303054]
[ 0.79008848]
[ 0.33399052]
[ 0.62950275]
[ 0.02446417]
[ 0.42622718]
[-0.0842543]
[-0.10934487]
[-0.04894084]
[ 0.12120347]
[-0.21330734]
[-0.62609813]
[ 0.29229706]
[ 0.10171041]
[ 0.5434285]
[ 0.68248685]
[ 0.08836752]
[ 0.14804035]
[-0.02846511]
[-0.53395199]
[ 0.1016896]
[ 0.17988671]
[-0.63782459]
[ 0.32492306]
[ 0.67307602]
[ 0.2984645]
[ 0.42163866]
[ 0.14905879]
[-0.19058902]
[ 0.02419083]
[-0.05416953]
[-0.32075376]
[ 0.13500474]
[-0.1676837]
[ 0.11535531]
[-0.7302761]
[-0.00098904]
[ 0.67095249]
[ 0.65708682]
[ 0.31833681]
[ 0.13168838]
[ 0.01979997]
[ 0.0769807]
[-0.09055478]
[-0.02583353]
[ 0.44575604]
[  8.18656416e-05]
[ 0.05570485]
[ 0.13854441]
[ 0.27533859]
[-0.22016932]
[ 0.03058584]
[ 0.36878145]
[ 0.35685646]
[ 0.16612539]
[-0.30159901]
[ 0.21392054]
[ 0.00950986]
[ 0.26689633]
[ 0.42480187]
[ 0.0640325]
[ 0.09485861]
[ 0.06184311]
[ 0.86694471]
[ 0.14133841]
[-1.02997755]
[-0.60015888]
[ 0.12434562]
[ 0.06836195]
[ 0.14222166]
[-0.23920786]
[-0.69175181]
[ 0.07983408]
[-0.06173221]
[ 0.16921362]
[ 0.25874273]
[ 0.12233334]
[-0.04640027]
[ 0.02751799]
[ 0.40353177]
[-0.31106167]
[ 0.36919859]
[-0.01230284]
[-0.18188092]
[-0.40319124]
[-0.14059701]
[ 0.38489949]
[ 0.00259661]
[-0.42199752]
[-0.57281969]
[-0.12605465]
[ 0.08938234]
[-0.52875454]
[ 0.21325939]
[-0.0141642]
[ 0.03687563]
[ 0.08570608]
[ 0.6646221]
[-0.08813633]
[ 0.06606241]
[ 0.21926663]
[-0.59414128]
[-0.28400135]
[ 0.08441316]
[-0.03038782]
[-0.52481055]
[ 0.33899458]
[ 0.09602603]
[-0.01442023]
[ 1.66643945]
[ 0.67455265]
[ 0.02383851]
[ 0.03265079]
[-0.06668353]
[ 0.67941166]
[ 0.39849127]
[-0.11887188]
[-0.14474691]
[ 0.38638089]
[ 0.11009536]
[-0.52711428]
[ 0.06099544]
[-0.53983643]
[-0.13808133]
[ 0.37732321]
[ 0.01054599]
[ 0.08570608]
[ 0.23779108]
[-0.19016927]
[-0.34472181]
[ 0.86499488]
[ 0.15414775]
[ 0.0317373]
[-0.10824078]
[ 0.09013035]
[-0.19491659]
[-0.14320707]
[-1.30504216]
[ 0.01533538]
[ 0.05400074]
[-0.45207105]
[ 0.51268582]
[ 0.88434805]
[ 0.03286141]
[-0.01096423]
[-0.41492502]
[-0.07205472]
[-0.54403745]
[-0.22240005]
[ 0.05382856]
[ 0.00897046]
[-0.51337867]
[-0.13837702]
[ 0.00462122]
[ 0.37990062]
[ 0.79360695]
[ 0.52608956]
[-0.09436244]
[ 0.29788069]
[ 0.11183258]
[ 0.05996542]
[-0.75183607]
[ 0.02284574]
[ 0.10743679]
[-0.19715768]
[ 0.95272355]
[ 0.68016218]
[ 1.03544937]
[-0.01207971]
[-0.01795229]
[-0.43932126]
[-0.24328524]
[-0.25076804]
[ 0.23436857]
[-0.50845247]
[ 0.00155782]
[-0.17675411]
[ 0.0468183]
[ 0.63608053]
[ 0.34634792]
[-0.55184621]
[ 0.06087417]
[-0.22711486]
[-0.68414522]
[ 0.08610317]
[-0.00588347]
[ 0.05480324]
[-0.20741964]
[ 0.20868526]
[ 0.6199714]
[-0.68524574]
[ 0.075824]
[-0.00913696]
[ 0.72408543]
[-0.06766264]
[ 0.30247362]
[ 0.12502829]
[-0.12808884]
[ 0.27066702]
[-0.60032082]
[-0.48550154]
[ 0.07915726]
[ 0.01022221]
[-0.38655019]
[ 0.0429152]
[-0.11470093]
[-0.01838798]
[ 0.31427648]
[-0.47925677]
[-0.63444342]
[-0.40681055]
[-0.00033072]
[ 0.06970775]
[-0.01938591]
[ 0.04154856]
[-0.00315039]
[ 1.08331862]
[-0.35460557]
[ 0.02230808]
[ 0.32444541]
[-0.39271293]
[ 0.15146605]
[-0.0095557]
[-0.59311203]
[ 0.05940961]
[-0.00837046]
[ 0.08792638]
[-0.10146198]
[ 0.0903334]
[ 0.49759721]
[-0.34549526]
[-0.55742211]
[-0.12869104]
[ 0.02244765]
[ 0.4665316]
[ 0.20635371]
[-0.98551438]
[ 0.38681228]
[ 0.05221857]
[-0.02983128]
[ 0.37357038]
[-0.36285876]
[ 0.08922648]
[ 0.38372436]
[-0.05955289]
[ 0.7501775]
[-0.60351486]
[ 0.01304149]
[-0.03327769]
[ 0.17141065]
[-0.37846597]
[ 0.17703927]
[-0.09644902]
[ 0.19140311]
[ 0.21124956]
[-0.30337694]
[ 0.58452235]
[-0.07620213]
[ 0.37905149]
[-0.15349705]
[-0.78844328]
[-0.19666893]
[ 0.01022221]
[-0.03384056]
[-0.65256209]
[ 0.02918297]
[ 0.08219842]
[ 0.86200146]
[-0.13165687]
[-0.70003552]
[ 0.01684891]
[-0.18647377]
[ 0.01191984]
[ 0.37759988]
[-0.78357223]
[-0.34729965]
[ 0.04108085]
[ 0.65535113]
[ 0.42529313]
[-0.58928859]
[-0.38548063]
[-0.25132199]
[-0.004991]
[ 0.6933263]
[ 0.13250412]
[-0.23777324]
[ 0.13032893]
[ 0.3395676]
[ 1.04668328]
[ 0.15565501]
[ 0.0073069]
[ 0.04711183]
[-0.4528333]
[-0.49177945]
[ 0.00828743]
[ 0.46063262]
[ 0.10530877]
[ 0.02946185]
[-0.09333474]
[ 0.27517665]
[ 0.09544287]
[-0.39509438]
[ 0.42239999]
[ 0.07074708]
[-0.03286685]
[-0.15443933]
[ 0.35752086]
[ 0.04671042]
[ 0.30075814]
[-0.19438854]
[-0.50994093]
[ 0.1740892]
[-0.54807164]
[-0.44164141]
[-0.11536775]
[-0.19352061]
[-0.27922013]
[-0.59715799]
[ 0.24243111]
[ 0.12568383]
[-0.44895421]
[ 0.33541618]
[-0.65828635]
[ 0.28654355]
[ 0.76883852]
[ 0.36216926]
[-0.09596515]
[ 0.62872526]
[ 0.45627457]
[-0.04046114]
[-0.13961595]
[ 0.07810692]
[-0.03112757]
[ 0.26447934]
[ 0.12211991]
[ 0.03385596]
[-0.00047449]
[ 0.03548246]
[-0.0503654]
[ 0.39418567]
[-0.12032682]
[-0.08588042]
[ 1.39249887]
[-0.35153939]
[ 0.13497223]
[ 0.03248311]
[-0.22187402]
[ 0.64854674]
[-0.50487613]
[ 0.24571991]
[ 0.03266742]
[-0.18807697]
[ 0.11847852]
[ 0.0028563]
[-0.59151284]
[-0.77267312]
[-0.55179508]
[ 0.01354764]
[-0.43318123]
[ 0.17636542]
[-0.02751675]
[ 0.42493464]
[-0.63892355]
[ 0.32598146]
[-0.27458568]
[ 0.04771526]
[ 0.16214335]
[ 0.51117566]
[ 0.05843383]
[ 0.17958113]
[-0.47962474]
[-0.48863932]
[-0.06373851]
[ 0.62720378]
[-0.66284226]
[ 0.11242732]
[ 0.75791871]
[-0.24447039]
[ 0.6024286]
[-0.26565304]
[ 0.01167366]
[-0.51125582]
[-0.63076364]
[ 0.02849347]
[-0.17732775]
[-0.06128829]
[-0.07690705]
[ 0.03958164]
[-0.4952753]
[ 0.01033801]
[-0.18193331]
[ 0.00181176]
[-0.05084363]
[ 0.21466656]
[-0.62271643]
[-0.41813264]
[ 0.03147091]
[-0.05928589]
[-0.37771701]
[-0.66829738]
[-0.08088748]
[-0.47165056]
[ 0.36922645]
[-0.21247821]
[-0.03088792]
[ 0.02536449]
[-0.16964287]
[ 0.07690895]
[-0.52924075]
[-0.17103943]
[-0.06037666]
[ 0.0427661]
[ 1.11630473]
[ 0.00882324]
[ 0.7855271]
[-0.55187579]
[ 0.41169965]
[ 0.61685694]
[ 1.15992363]
[ 0.24486979]
[ 0.42725823]
[-0.61509733]
[-0.32916807]
[-0.14376724]
[-0.06368968]
[-0.08033639]
[ 0.05332044]
[ 0.07747098]
[ 0.01386616]
[ 0.13997843]
[ 0.00914276]
[-0.48969079]
[-0.26880442]
[-0.1512013]
[ 0.10856748]
[-0.36772168]
[ 0.24045078]
[-0.0165389]
[ 0.02298388]
[ 0.00437983]
[ 0.55199204]
[-0.04197196]
[ 0.09019762]
[ 0.17071129]
[ 0.05449543]
[-0.46214734]
[ 0.36954222]
[ 0.03999514]
[ 0.14431656]
[ 0.34291116]
[ 0.20792893]
[-0.28400135]
[-0.00932752]
[ 0.36523819]
[-0.34338312]
[ 0.23333773]
[-0.50251224]
[ 0.04582789]
[-0.10582893]
[ 0.52518983]
[-0.3365368]
[-0.25242215]
[ 0.02151085]
[-0.6477361]
[-0.64690325]
[-0.61546406]
[-0.58671425]
[-0.30669679]
[-0.01799961]
[ 0.053158]
[-0.50487613]
[ 0.39295322]
[ 0.37501318]
[-0.09736631]
[-0.53222809]
[ 0.01773092]
[ 0.42595329]
[-0.18596752]
[ 0.11082173]
[ 0.03923385]
[-0.41492502]
[ 0.0684318]
[-0.1111521]
[-0.32362304]
[ 0.02081406]
[ 0.01307105]
[ 0.09235724]
[ 0.25838682]
[ 0.42989515]
[ 0.32465462]
[ 0.26859211]
[ 0.0758315]
[-0.3703043]
[-0.07376728]
[-0.10062429]
[-0.39857546]
[ 0.58539093]
[ 1.0152527]
[-0.70973963]
[-0.68006063]
[-0.70010758]
[ 0.36581856]
[ 0.58821164]
[ 0.23145324]
[-0.20230802]
[ 0.04518652]
[ 0.20195252]
[-0.08022707]
[-0.01835368]
[-0.51990259]
[ 0.36506122]
[ 0.06060595]
[ 0.74490831]
[-1.17236069]
[-0.40798292]
[ 0.02517551]
[ 0.32461341]
[ 0.23155731]
[-0.4038646]
[ 0.09491716]
[ 0.22845504]
[ 0.10552703]
[ 0.27454543]
[-0.34338901]
[-0.00942591]
[ 0.60350711]
[-0.81434594]
[ 0.34166519]
[-0.09263653]
[ 0.81939886]
[-0.13279437]
[ 0.43984038]
[ 0.49772884]
[ 0.06836068]
[-0.03330984]
[ 0.1051008]
[ 0.19634398]
[ 0.07680277]
[ 0.2035696]
[ 0.4197749]
[-0.0935736]
[ 0.03005349]
[-0.94494192]
[-0.60582631]
[ 0.92801725]
[ 0.01107927]
[-0.05187895]
[ 0.37182452]
[ 0.0925535]
[ 0.11637736]
[-0.03748986]
[-0.17786147]
[-0.03892377]
[-0.28292811]
[ 0.09007529]
[ 0.3174444]
[ 0.03888763]
[ 0.17323126]
[ 0.07560737]
[-0.01252799]
[-0.0692537]
[ 0.55564345]
[ 0.37185372]
[-1.17768883]
[-0.26962192]
[ 0.2693331]
[ 0.56998526]
[ 0.01428945]
[ 0.52384868]
[-0.36578931]
[ 0.06969401]
[-0.07782312]
[ 0.18826527]
[ 0.28499664]
[-0.10111037]
[ 0.40742101]
[ 0.01548306]
[ 0.35498599]
[ 0.14202229]
[-0.72428721]
[ 0.04714785]
[-0.0368677]
[ 0.02922635]
[ 0.07390049]
[ 0.12219796]
[ 0.72629805]
[ 0.462977]
[-0.19103042]
[ 0.04766412]
[-0.1131725]
[-0.07671307]
[-0.16802821]
[-0.06788938]
[ 0.74763496]
[ 0.02788118]
[ 0.17657607]
[-0.0422476]
[-0.57737303]
[ 0.79443658]
[-0.32660969]
[-0.44984522]
[-0.24398552]
[ 0.38304479]
[-0.67960222]
[ 0.02861844]
[-0.05099325]
[-0.13421847]
[ 0.38194636]
[ 0.0558776]
[-0.83608642]
[-0.74441645]
[-0.05289395]
[ 0.05701974]
[-0.44093005]
[ 0.04800846]
[-0.50012945]
[ 0.16974001]
[-0.50081445]
[ 0.50118552]
[ 1.0417523]
[ 0.71015254]
[ 0.00269208]
[-0.22447766]
[-0.02656453]
[ 0.39764869]
[ 0.35355995]
[-0.21548773]
[ 0.74155859]
[-0.08598269]
[ 0.00144001]
[ 0.04364677]
[ 0.00633142]
[-0.10666716]
[ 0.64435239]
[-0.49351199]
[ 0.11483276]
[ 0.04171724]
[ 0.05189488]
[ 0.11715369]
[ 0.26790032]
[-0.18480745]
[ 0.18114213]
[ 0.49962607]
[ 0.44252956]
[-0.09383243]
[ 0.03641155]
[ 0.3209655]
[ 0.01213645]
[-0.00934723]
[ 0.10037761]
[ 0.2752026]
[ 0.06991322]
[-0.11997087]
[ 0.25851554]
[ 0.50399372]
[ 0.10857059]
[-0.03509694]
[ 0.33211153]
[ 0.45395292]
[ 0.36865829]
[ 1.11312534]
[ 0.32928374]
[-1.44845845]
[ 0.12867884]
[-0.10961278]
[ 0.0073069]
[ 0.38413437]
[-0.15053496]
[ 0.08420649]
[ 0.79975298]
[ 0.23318817]
[ 0.01561255]
[-0.21263629]
[-0.22688008]
[ 0.04113296]
[ 0.19618869]
[-0.05063674]
[ 0.19245033]
[-0.52537922]
[-0.20327889]
[-0.01950932]
[-0.47000583]
[-0.4507239]
[ 0.04210889]
[ 0.38083637]
[-0.2777918]
[-0.05432446]
[-0.41548431]
[ 0.4233897]
[-0.4710243]
[-0.74521292]
[ 0.17235615]
[-0.09988702]
[-0.07091348]
[-0.07963752]
[ 0.12836396]
[ 0.57034618]
[-0.3724878]
[-0.66796362]
[ 0.32901993]
[ 0.02073929]
[ 0.37844112]
[-0.46049603]
[ 0.02767906]
[ 0.40715283]
[ 0.22071192]
[-0.09469064]
[ 0.9155645]
[-0.544837]
[-0.5791153]
[ 0.00715935]
[-1.079486]
[-0.31896159]
[ 0.33247019]
[-0.007227]
[ 0.2936328]
[ 0.30221386]
[-0.52435378]
[ 0.06982143]
[-0.18755784]
[ 0.76666141]
[ 0.3298236]
[-0.00427605]
[-0.27136276]
[ 0.60286508]
[-0.28606678]
[-0.53840516]
[ 0.15149338]
[-0.19373148]
[ 0.05005148]
[ 0.08159235]
[-0.00534368]
[ 0.71321967]
[-0.2818158]
[-0.23916127]
[ 0.88933882]
[ 0.02404861]
[ 0.01230122]
[-0.720686]
[ 0.58602593]
[ 0.27709018]
[-0.33535023]
[-0.48240915]
[-0.0984406]
[ 0.66528515]
[-0.64375694]
[ 0.26071058]
[-0.25158202]
[ 0.0128898]
[-0.03901015]
[ 0.18066563]
[-0.33135341]
[-0.50933528]
[ 0.64911687]
[-0.36746567]
[ 0.35113118]
[ 0.02795759]
[-0.65533386]
[ 0.6816927]
[-0.48290874]
[ 0.02572439]
[ 0.58699533]
[-0.38340465]
[ 0.14599779]
[-0.29622236]
[ 0.66582679]
[ 0.41852263]
[ 0.3140354]
[ 0.36897093]
[-0.67067951]
[ 0.33511869]
[ 0.35324983]
[ 0.65266728]
[ 0.00214474]
[ 0.0360683]
[-0.58994884]
[ 0.24635729]
[ 0.17702835]
[-0.20366929]
[ 0.74448419]
[ 0.32013293]
[-0.57183045]
[-0.43469132]
[-0.32130014]
[ 0.41441286]
[ 0.09726815]
[-0.35342632]
[ 0.46936875]
[ 0.08261264]
[-0.43745862]
[ 0.05367612]
[ 0.67496935]
[-0.00144399]
[ 0.3450481]
[-0.14110699]
[-0.64382267]
[-0.02204582]
[ 0.10696434]
[-0.49136877]
[-0.14210069]
[ 0.10354913]
[ 0.16973087]
[ 0.64133484]
[ 0.22338442]
[-0.46624927]
[-0.38755503]
[-0.53892253]
[ 0.01097569]
[ 0.04506671]
[-0.11603805]
[ 0.06934162]
[ 0.17805581]
[-0.00750308]
[-0.05125452]
[-0.17913033]
[ 0.51577549]
[ 0.56424679]
[ 0.59263831]
[ 0.029723]
[-0.02713969]
[ 0.03587754]
[ 0.15299493]
[ 0.13383699]
[-0.7114999]
[-0.55173379]
[ 0.05917017]
[-0.01195996]
[-0.7587887]
[-0.45998403]
[-0.21505312]
[ 0.14874693]
[-0.67244187]
[-0.2112958]
[ 0.21430712]
[ 0.11382496]
[ 0.04594903]
[-0.85260551]
[-0.14131294]
[ 0.05322548]
[ 0.19402738]
[ 0.29934467]
[ 0.04310236]
[ 0.09724902]
[ 0.18790866]
[-0.13954134]
[-0.64590191]
[-0.95225206]
[-0.21538535]
[ 0.20680313]
[-0.0365587]
[ 0.89297922]
[-0.32441091]
[ 0.00618297]
[-0.00683847]
[ 0.81816131]
[-0.320979]
[-0.4641138]
[-0.10049656]
[-0.33169987]
[ 0.34283919]
[-0.61521873]
[-0.13807175]
[ 0.34812736]
[ 0.13763116]
[ 0.09132504]
[ 0.17895512]
[-0.09078355]
[-0.64425908]
[-0.29495227]
[ 0.92775858]
[ 0.09544287]
[-0.01300846]
[ 0.20921401]
[-0.53707572]
[ 0.04566972]
[ 0.2480599]
[-0.08885755]
[ 0.025279]
[ 0.33572931]
[-0.25399968]
[ 0.02544472]
[ 0.23438676]
[-0.66599434]
[ 0.08802408]
[ 0.08316737]
[ 0.59130784]
[-0.19364593]
[ 0.02851652]
[ 0.94187387]
[ 0.04734346]
[-0.64280211]
[ 0.04853952]
[-0.20082477]
[ 0.01821135]
[-0.39871865]
[ 0.37684167]
[ 0.04064989]
[-0.24806962]
[-0.20260597]
[-0.36819797]
[ 0.3077704]
[-0.47112064]
[-0.63288201]
[-0.42230399]
[ 0.07089918]
[ 0.30498131]
[ 0.16408002]
[-0.025563]
[ 0.07864373]
[ 0.40578255]
[ 0.01375052]
[ 0.06797093]
[ 0.16014357]
[-0.14406502]
[ 0.13718468]
[-0.44795473]
[ 0.75552212]
[ 0.11535847]
[-0.02761808]
[-0.16118509]
[ 0.05284308]
[-0.05604504]
[-0.4852152]
[-0.02369689]
[-0.75985964]
[ 0.03641155]
[-0.00314413]
[-0.33080711]
[ 0.29323971]
[-0.13250753]
[ 0.56311096]
[ 0.02860781]
[-0.00822437]
[ 0.22180779]
[ 0.07357617]
[-0.05989615]
[-0.31886198]
[ 0.42559953]
[ 0.3368888]
[ 0.01685555]
[-0.12123776]
[ 0.02164881]
[-0.02512729]
[-0.03132647]
[ 0.98815271]
[-0.10931113]
[-0.03338203]
[-0.25315577]
[-0.0579184]
[-0.01203062]
[-0.06976336]
[-0.18008702]
[-0.03014048]
[-0.55376907]
[ 0.05330847]
[ 0.69094514]
[ 0.19602807]
[ 0.79423411]
[ 0.30974426]
[-0.44315196]
[ 0.36899163]
[ 0.58237805]
[ 0.06570225]
[-0.29474237]
[-0.23699503]
[ 0.143509]
[-0.68746847]
[ 0.00989077]
[-0.39822548]
[ 0.10554476]
[-0.1228071]
[-0.66197085]
[-0.03738266]
[-0.16754164]
[ 0.04112509]
[-0.62024752]
[-0.05677498]
[-0.69412865]
[ 0.06438961]
[ 0.05456475]
[-0.6978852]
[-0.10115]
[ 0.33329447]
[ 0.57002028]
[-0.30844885]
[-0.01170206]
[ 0.20070126]
[ 0.25971688]
[ 0.07111137]
[ 0.41699881]
[-0.4063397]
[ 0.27644885]
[ 0.55631519]
[ 0.06483786]
[ 0.02114648]
[ 0.11525203]
[-0.70089137]
[-0.03843274]
[-0.01437158]
[ 1.00662204]
[ 0.15735527]
[-0.70660684]
[ 0.10119961]
[-0.22179145]
[-0.15106356]
[ 0.05658085]
[ 0.21523914]
[-0.13251217]
[ 0.09485861]
[-0.01849994]
[ 0.01309335]
[-0.67232083]
[-0.35487486]
[ 0.05090504]
[-0.85104761]
[-0.18716337]
[ 0.37988646]
[-0.04928605]
[-0.09346052]
[ 0.35708434]
[ 0.33764261]
[ 0.03392683]
[ 0.32478869]
[ 0.46655593]
[ 0.12804976]
[ 1.50963306]
[ 0.18396852]
[-0.07599728]
[-0.01534869]
[ 0.02605719]
[ 0.30809062]
[ 0.06599706]
[ 0.00363178]
[ 0.05002876]
[ 0.04887126]
[-0.10996045]
[-0.38932825]
[ 0.0335566]
[ 0.47269761]
[ 0.04176788]
[-0.10143727]
[-0.05237078]
[ 0.37246125]
[ 0.1323338]
[ 0.07874336]
[-0.16079945]
[-0.25306307]
[ 0.18346403]
[ 0.15331593]
[-0.50879117]
[ 0.23797377]
[-0.11787045]
[ 0.01260778]
[-0.28153554]
[-0.52309926]
[ 0.67963908]
[ 0.1965974]
[-0.66144188]
[-0.35947211]
[ 0.31775001]
[-0.50518178]
[ 0.27966547]
[-0.38656381]
[-0.41894631]
[ 0.14964573]
[ 0.0594944]
[ 0.1299116]
[ 0.29052883]
[-0.15187182]
[ 0.19325798]
[-0.67257256]
[ 0.71883428]
[ 0.37012621]
[ 0.13420295]
[-0.63917977]
[ 0.19727715]
[ 0.02720465]
[-0.02347464]
[-0.16769506]
[ 0.74519835]
[ 0.24128975]
[ 0.01712027]
[-0.00301076]
[-0.30382108]
[ 0.02087982]
[-0.01465182]
[ 0.43801744]
[-0.03475567]
[-0.02209054]
[-0.15503719]
[-0.45490543]
[-0.09641158]
[-0.61091231]
[ 0.09499092]
[ 0.30044986]
[ 0.04518652]
[-0.07760182]
[-0.58858836]
[ 0.61836649]
[-0.61858478]
[ 0.32952762]
[ 0.38807677]
[ 0.44527794]
[-0.24604203]
[ 0.01469044]
[ 0.62992622]
[ 0.17737048]
[-0.08446656]
[-0.00956641]
[ 0.12915408]
[ 0.04797183]
[-0.0930856]
[ 0.16219079]
[ 0.04598552]
[ 0.11483123]
[ 0.67432927]
[ 0.17426395]
[ 0.35204652]
[-0.14185007]
[-0.12761231]
[ 0.39593737]
[-0.53366239]
[ 0.12938854]
[ 0.09910709]
[-0.52333996]
[ 0.03714738]
[ 0.03382323]
[ 0.70812024]
[-0.07208891]
[ 0.25179485]
[-0.54076196]
[ 0.21014916]
[ 0.15926397]
[ 0.40487275]
[-0.03454563]
[-0.1582196]
[-0.00421175]
[-0.1527185]
[-0.03934961]
[-0.0325201]
[-0.24773599]
[ 0.45077806]
[ 0.07646823]
[ 0.22553346]
[-0.02155654]
[-0.05793989]
[-0.26072764]
[-0.12256424]
[ 0.06276382]
[ 0.20084243]
[-0.01867991]
[ 0.09848436]
[-0.48863474]
[-0.19811664]
[-0.01928326]
[ 0.51811628]
[-0.66195401]
[ 0.05235099]
[-0.08251141]
[ 0.03886857]
[ 0.28226228]
[ 0.69071465]
[-0.68046158]
[-0.05587084]
[-0.09069368]
[-0.33858527]
[ 0.16686577]
[ 0.62863183]
[ 0.02353225]
[-0.13827159]
[ 0.92565073]
[ 0.42167215]
[-0.1115799]
[-0.03575814]
[-0.444287]
[-0.03199588]
[-0.18201522]
[-0.00590399]
[-0.10005581]
[ 0.13161467]
[-0.55069425]
[ 0.09262839]
[ 0.11389417]
[-0.13465798]
[-0.09026442]
[-0.12623813]
[-0.03707082]
[ 0.4233897]
[ 0.64993918]
[-0.68037364]
[-0.31825057]
[-0.16569635]
[ 0.00603268]
[-0.11992864]
[ 0.68736628]
[-0.14605174]
[-0.67536001]
[-0.23647456]
[ 0.1067492]
[ 0.16669274]
[ 0.72524406]
[ 0.43679837]
[ 0.50805877]
[-0.78447682]
[ 0.08240545]
[ 0.35521907]
[-0.51147586]
[ 0.73812909]
[ 0.06464903]
[-0.41492502]
[-0.08385988]
[-0.18019279]
[ 0.05118836]
[ 0.01293544]
[-0.56615645]
[-0.30159901]
[ 0.26973897]
[-0.00349393]
[ 0.44281446]
[-0.26680607]
[ 0.12578037]
[-0.36697678]
[-0.4827567]
[-0.45247269]
[ 0.56551642]
[ 0.26317654]
[-0.04990074]
[ 0.04154177]
[ 0.08370251]
[ 1.5556152]
[-0.45882413]
[ 0.91943668]
[-0.10389935]
[ 0.06103994]
[ 0.16576405]
[-0.1419676]
[ 0.1598597]
[-0.35782018]
[ 0.16957382]
[ 0.01824181]
[ 0.10659387]
[ 0.0608634]
[-0.65054775]
[ 0.01808023]
[-0.53350517]
[ 0.07401561]
[-0.49800992]
[ 0.01896572]
[-0.23845297]
[-0.03113654]
[-0.27332403]
[ 0.07755812]
[ 0.24782626]
[-0.09504718]
[ 0.35701267]
[ 0.06713592]
[-0.26743909]
[ 0.01014156]
[ 0.10119961]
[-0.17792808]
[-0.55682714]
[-0.24880705]
[-0.50412513]
[ 0.37676249]
[ 0.3411543]
[-0.01504805]
[ 0.03328149]
[-0.13747517]
[ 0.45621106]
[ 0.80462298]
[-0.25263057]
[ 0.02831889]
[-0.27792432]
[ 0.66034836]
[ 0.09608765]
[ 0.01542757]
[-0.50276899]
[-0.23206419]
[ 0.10909725]
[-0.13824944]
[-0.48531004]
[ 0.62058459]
[ 0.01918018]
[-0.37269882]
[ 0.40721305]
[ 0.35866472]
[ 0.00028532]
[ 0.0717025]
[ 0.44960553]
[ 0.00285439]
[ 0.06666083]
[-0.22688008]
[ 1.17682957]
[-0.32130014]
[ 0.03210247]
[ 0.06890337]
[ 0.37988646]
[-0.01339915]
[ 0.42602223]
[ 0.59728801]
[ 0.03647242]
[ 0.37160074]
[ 0.09540954]
[-0.10796607]
[ 0.74125015]
[ 0.1725596]
[ 0.00250332]
[-0.65412459]
[ 0.17856916]
[-0.17715315]
[-0.00839221]
[ 0.18871739]
[-0.54965418]
[ 0.35417375]
[-0.28823691]
[ 0.42952406]
[-0.42090519]
[ 0.21127762]
[-0.02384992]
[-0.08794962]
[-0.76619633]
[-0.06317447]
[-0.05096845]
[-0.02198913]
[ 0.13486874]
[-0.51988379]
[ 0.29880656]
[-0.20778407]
[ 0.19022547]
[-0.1129028]
[-0.08006506]
[ 0.18614792]
[-0.44302578]
[ 0.54012732]
[-0.12424204]
[-0.60402698]
[-0.07980082]
[ 0.25057086]
[-0.31999118]
[ 0.00102131]
[ 0.1045174]
[-0.50933528]
[ 0.03544718]
[ 0.04467734]
[ 0.13059371]
[-0.08306315]
[-0.42973114]
[ 0.00827704]
[-0.06372307]
[ 0.16361573]
[-0.44492794]
[-0.13393031]
[-0.26359847]
[ 0.57484001]
[ 0.27254242]
[-0.19842845]
[-0.53539731]
[ 0.63868814]
[ 0.36295571]
[ 0.37490912]
[ 0.20511178]
[ 0.52382677]
[ 0.72431606]
[-0.62471963]
[ 0.23398041]
[-0.29166137]
[-0.41245909]
[ 0.12010607]
[-0.08151927]
[ 0.47422906]
[ 0.20708317]
[ 0.36432286]
[ 0.13453451]
[-0.11528504]
[-0.35401705]
[ 0.09636543]
[-0.08885753]
[ 0.12380373]
[ 0.02313286]
[-0.32727556]
[-0.94179812]
[ 0.29311085]
[ 0.03039633]
[-0.28981691]
[ 0.05688656]
[ 0.11774873]
[-0.49578276]
[-0.02157688]
[-0.01481974]
[ 0.20924896]
[ 0.11870395]
[-0.53048772]
[-0.03179309]
[ 0.38668865]
[ 0.15570054]
[ 0.259523]
[ 0.08350333]
[ 0.09649953]
[-0.03928009]
[-0.61629425]
[ 0.08823111]
[-0.80242219]
[-0.04344758]
[-0.01766256]
[ 0.36672348]
[-0.06931428]
[ 0.27365113]
[ 0.41913829]
[ 0.13373331]
[-0.52587397]
[ 0.0818955]
[-0.05855704]
[ 0.11776333]
[-0.47583463]
[-0.80753289]
[-0.01054705]
[ 0.40397906]
[ 0.4001837]
[ 0.45683086]
[ 0.3041466]
[ 0.04844026]
[-0.24081336]
[ 0.16632293]
[ 0.11012072]
[-0.02902607]
[ 0.10039671]
[ 0.31695518]
[ 0.31157231]
[-0.29071604]
[-0.19244701]
[-0.19687743]
[-0.40167551]
[ 0.12468552]
[-0.49940254]
[-0.19446554]
[-0.57057915]
[-0.27151756]
[ 0.2575178]
[ 0.05644329]
[-0.50025849]
[-0.37731125]
[ 0.00649158]
[ 0.18494474]
[-0.50299013]
[-0.32940002]
[-0.03363778]
[-0.17358898]
[-0.06141746]
[-0.57060081]
[-0.43842232]
[ 0.01695279]
[-1.31150026]
[-0.1335798]
[-0.24844967]
[ 0.67322104]
[ 0.98074074]
[-0.71858101]
[ 0.02980911]
[-0.40714729]
[ 0.45780236]
[-0.73959967]
[-0.5807208]
[-0.01601489]
[-0.10628547]
[ 0.05417563]
[ 0.16560761]
[ 0.03310967]
[-0.56825176]
[-0.36583111]
[-0.60828739]
[ 0.12154502]
[-0.02133355]
[ 0.39834894]
[ 0.12010607]
[-0.08565271]
[-0.09856247]
[-0.10286334]
[-0.10144888]
[ 0.72232278]
[-0.01143427]
[ 0.00552019]
[ 0.02397698]
[ 0.46862074]
[-0.03152253]
[-0.1691209]
[-0.05194064]
[-0.28303823]
[-0.06449268]
[-0.2106188]
[ 0.38285497]
[-0.0141642]
[ 0.06268411]
[-0.01264134]
[ 0.39551198]
[-0.01056381]
[ 0.25842254]
[-0.38596688]
[-0.75909493]
[-0.02315819]
[ 0.41169058]
[-0.32432087]
[-0.49962825]
[ 0.05293449]
[ 0.64701742]
[ 0.42102273]
[ 0.08225428]
[-0.59758502]
[ 0.61791133]
[-0.95326355]
[ 0.39001055]
[-0.12585627]
[-0.54345922]
[ 0.04243705]
[-0.27574532]
[-0.21390454]
[ 0.28268448]
[-0.1775112]
[-0.58615236]
[ 0.1132183]
[-0.02813583]
[-0.65988636]
[ 0.59956678]
[-0.53350517]
[-0.24070178]
[ 0.51056073]
[ 0.02164318]
[ 0.27598021]
[-0.75985343]
[ 0.11602379]
[ 0.13908893]
[-0.06000464]
[-0.02384992]
[-0.15822999]
[ 0.1725596]
[ 0.6390703]
[ 0.43802067]
[ 0.1205237]
[ 0.01601818]
[ 0.49471718]
[-0.09252932]
[-0.11251338]
[ 0.2291843]
[ 0.06595302]
[ 0.14531476]
[ 0.0717025]
[-0.35729039]
[-0.11173785]
[ 0.00982646]
[ 0.18140714]
[ 0.37990357]
[ 0.33126802]
[ 0.51609795]
[ 0.96496439]
[-0.10274825]
[-0.10177769]
[-0.3056362]
[-0.66938174]
[-0.56307099]
[-0.37046989]
[ 0.01737624]
[ 0.41633061]
[-0.61506829]
[ 0.04369121]
[ 0.44066131]
[-0.00549683]
[-0.28576512]
[-0.24472828]
[ 0.41794664]
[ 0.27721005]
[-0.02991563]
[ 0.4233897]
[-0.81665426]
[-0.94311529]
[-0.05640167]
[-0.40433234]
[ 0.142812]
[-0.4826367]
[-0.06438679]
[-0.10687897]
[-0.35879556]
[ 0.10950364]
[-0.06939269]
[ 0.00132916]
[ 0.6116644]
[ 0.05781755]
[-0.12669129]
[ 0.37988646]
[-0.00144399]
[-0.0423262]
[-0.51307653]
[-0.16993475]
[-0.60589969]
[-0.00392637]
[ 0.36519975]
[-0.68180376]
[-0.1009726]
[ 0.42725823]
[ 0.03241432]
[ 0.08262482]
[ 0.05278581]
[-0.04794373]
[ 1.06022886]
[ 0.34583226]
[ 0.56215425]
[-0.31707585]
[ 0.12011903]
[-0.64992526]
[-0.18338488]
[-0.23744836]
[-0.72474234]
[-0.52967811]
[-0.40939059]
[-0.05950157]
[-0.03919198]
[-0.07870195]
[-0.21008629]
[-0.07728289]
[-0.38861498]
[ 0.28095005]
[-0.54029532]
[ 0.11999263]
[ 0.09682752]
[-0.43005804]
[ 0.14051227]
[-0.45361133]
[ 0.1903967]
[ 0.07008012]
[-0.59367309]
[-0.42365908]
[-0.49106149]
[-0.20680823]
[-0.17256143]
[ 0.44556157]
[ 0.12178336]
[-0.38884172]
[ 0.24395652]
[-0.13940063]
[-0.2234801]
[ 0.03340105]
[ 0.43581224]
[ 0.03146985]
[-0.75016395]
[ 0.37393181]
[ 0.38381661]
[-0.0452128]
[ 0.30492076]
[-0.85961829]
[ 0.38303289]
[-0.25985145]
[ 0.31778545]
[-0.12107653]
[ 0.19880237]
[-0.23054923]
[-0.43966312]
[ 0.24968634]
[-0.09368269]
[ 0.05260008]
[ 0.04244301]
[-0.66956205]
[-0.11748202]
[ 0.04086431]
[ 0.06892066]
[ 0.14115058]
[ 0.11745851]
[-0.34862874]
[ 1.10211359]
[-0.84522107]
[ 0.10461184]
[-0.63468411]
[-0.54146731]
[ 0.06282664]
[-0.04379394]
[-0.43283028]
[ 0.02329463]
[ 0.16691924]
[-0.0202579]
[-0.00678566]
[ 0.0031154]
[-0.00045472]
[-0.00705697]
[ 0.06438961]
[ 0.08714316]
[-0.18992889]
[ 0.08502608]
[-0.48057369]
[-0.04320281]
[ 0.02251267]
[ 0.04417748]
[-0.41175223]
[ 0.08099891]
[ 0.21518711]
[ 0.3471439]
[-0.82183503]
[ 0.50946261]
[ 0.26486052]
[ 0.1964084]
[ 0.20238715]
[-0.59157356]
[ 0.49079008]
[ 0.07841986]
[ 0.21647736]
[ 0.09141252]
[-0.01980647]
[ 0.16103101]
[ 0.17848267]
[ 0.41399586]
[-0.54240899]
[ 0.22402212]
[ 0.05779269]
[-0.05394506]
[ 0.2869753]
[ 0.18324875]
[-0.75551899]
[-0.60728382]
[ 0.4125293]
[ 0.35936754]
[-0.07477376]
[-0.24057699]
[ 0.51609795]
[ 0.09526699]
[ 0.39053509]
[-0.21455823]
[ 0.2947192]
[ 0.42399385]
[-0.35556843]
[-0.45522526]
[ 0.06713496]
[ 0.44421747]
[ 0.36967544]
[ 0.10678404]
[-0.40060238]
[-0.49943016]
[ 0.2307459]
[-0.63627846]
[-0.73629654]
[-0.07144427]
[ 0.16947224]
[-0.16111279]
[-0.05623589]
[ 0.12560206]
[-0.46305832]
[-0.10291298]
[ 0.09979004]
[ 0.35799879]
[ 0.0406703]
[-0.2087813]
[ 0.11957576]
[ 0.04199055]
[ 0.13441497]
[ 0.03904235]
[-0.23037788]
[ 0.04889614]
[ 0.05052968]
[ 0.04292132]
[ 0.43748831]
[ 0.07811569]
[-0.21874278]
[ 0.02707098]
[ 0.17527052]
[ 0.0405356]
[ 0.28926086]
[-0.48797264]
[ 0.21245292]
[ 0.30026662]
[ 0.15166085]
[-0.39697948]
[-0.54047924]
[ 0.05318506]
[ 0.30649807]
[-0.01567404]
[-0.15429292]
[ 0.79833281]
[-1.07216608]
[ 0.00691035]
[-0.232586]
[ 0.02261855]
[-0.40260156]
[ 0.06412633]
[-0.34506755]
[-0.54044812]
[ 0.01625136]
[ 0.03573578]
[-0.48200315]
[-0.41227996]
[-0.06160992]
[-0.02940356]
[ 0.00180768]
[ 0.11378007]
[ 0.37209566]
[ 0.02264944]
[-0.10154895]
[-0.44781882]
[-0.21871634]
[ 0.83655065]
[ 0.14437803]
[-0.54996264]
[-0.53310416]
[ 0.51258519]
[ 0.41021962]
[-0.00920206]
[-0.67083335]
[ 0.64128039]
[ 0.12323764]
[-0.01063359]
[-0.02617643]
[-0.25015657]
[ 0.07564889]
[ 0.81168222]
[ 0.243546]
[ 0.19782493]
[-0.36876208]
[-0.68887722]
[-0.12928365]
[ 0.38241414]
[-0.16456107]
[ 0.07932134]
[-0.70116017]
[-0.05705222]
[-0.00969543]
[-0.20514681]
[-0.10195537]
[ 0.08126595]
[ 0.36335976]
[ 0.10887111]
[ 0.45252533]
[ 0.35952671]
[ 0.39066735]
[-0.02986228]
[-0.13118859]
[-0.29297817]
[-0.14510922]
[ 0.47582176]
[ 0.30215042]
[ 0.34742925]
[-0.50070875]
[-0.46168787]
[ 0.11996777]
[-0.05067771]
[ 0.07911283]
[-0.05533426]
[-0.08156618]
[-0.17246947]
[ 0.51863736]
[ 0.30404768]
[ 0.032746]
[ 0.34619897]
[ 0.67713615]
[-0.61975232]
[ 0.09477965]
[ 0.3136196]
[ 0.16081851]
[-0.00671187]
[-0.01237321]
[-0.53353459]
[-0.00289485]
[-0.66559187]
[-0.07613146]
[ 0.57943087]
[ 0.15495293]
[-0.63632408]
[-0.23477425]
[-0.0235995]
[-0.07113372]
[-0.81601661]
[ 0.10392191]
[-0.00858656]
[ 0.01318844]
[ 0.20770863]
[-0.16321772]
[-0.25657616]
[ 0.69153377]
[ 0.28181451]
[ 0.27937462]
[-0.54558904]
[ 0.17554303]
[-0.32402105]
[ 0.09572387]
[ 0.04929706]
[ 0.05013818]
[ 0.65722759]
[-0.14766718]
[ 0.38457035]
[ 0.02502829]
[ 0.0220848]
[-0.59064095]
[-0.64756197]
[-0.07809865]
[-0.48291076]
[ 0.2865192]
[ 0.29710726]
[ 0.46233735]
[ 0.010409]
[ 0.16584868]
[-0.10791089]
[ 0.36682818]
[ 0.42990101]
[-0.01041596]
[ 0.44550096]
[ 0.0616229]
[ 0.10476896]
[-0.61821982]
[-0.39084993]
[ 0.74295532]
[ 0.28640556]
[-0.00705697]
[ 0.00704282]
[-0.00786258]
[ 0.28451796]
[ 0.23945802]
[ 0.50821877]
[ 0.09905309]
[ 0.23225864]
[ 0.35506808]
[-0.91488044]
[-0.07813092]
[-0.44234111]
[-0.66658945]
[ 0.07274705]
[-0.55046373]
[ 0.05917017]
[ 0.10343251]
[-0.28890723]
[-0.01415573]
[-0.39507586]
[ 0.60165075]
[ 0.51883699]
[-0.13886059]
[ 0.10498648]
[ 0.25398028]
[-0.10630776]
[-0.56606409]
[-0.24816571]
[-0.53476903]
[-0.10152674]
[ 0.32306899]
[ 0.04465981]
[-0.20975208]
[ 0.02051542]
[-0.18265058]
[ 0.31443699]
[ 0.01818018]
[ 0.38520157]
[-0.23480616]
[ 0.02745522]
[ 0.09080071]
[-0.04650881]
[ 0.37166046]
[-0.37401128]
[-0.58204903]
[ 0.19820279]
[ 0.01525286]
[-0.60157152]
[-0.6945322]
[ 0.07542775]
[ 0.37009012]
[-0.02472633]
[ 0.02845047]
[-0.56861792]
[ 0.17740974]
[ 0.34563736]
[-0.04617239]
[ 0.18637375]
[-0.00631682]
[ 0.28948114]
[ 0.02651256]
[ 0.01839467]
[-1.12450682]
[-0.34766214]
[-0.45914803]
[ 0.00226408]
[ 0.5313509]
[-0.02260823]
[-0.36345982]
[ 0.09743238]
[-0.32411515]
[-0.44386838]
[-1.23344524]
[ 0.12642631]
[ 0.41151122]
[ 0.03893982]
[ 0.03039633]
[-0.03878931]
[-0.57146131]
[ 0.26525076]
[ 0.06826581]
[-0.22403382]
[-0.19001856]
[ 0.10015261]
[ 1.45472935]
[-0.09370129]
[ 0.24679726]
[ 0.16122313]
[ 0.36137364]
[-0.2276083]
[ 0.16036706]
[-0.0085813]
[-0.01391036]
[-0.18063909]
[ 0.099811]
[ 0.53450511]
[ 0.16064729]
[ 0.11163347]
[-0.74579952]
[ 0.48579811]
[ 0.51918124]
[ 0.06362313]
[ 0.0138723]
[-0.31924365]
[-0.47816217]
[-0.52210421]
[ 0.19525322]
[-0.43065661]
[-1.53702041]
[ 0.01389109]
[-0.08774936]
[-0.49081027]
[ 0.24297175]
[-0.04125053]
[ 0.1610212]
[ 0.34976042]
[-0.02443457]
[ 0.04977452]
[-0.2707042]
[-0.34202039]
[ 0.0406058]
[ 0.02848296]
[ 0.50421767]
[-0.77076146]
[ 0.03279227]
[-0.37906807]
[-0.33201181]
[-0.70998544]
[ 0.19768532]
[ 0.33734041]
[ 0.4321379]
[-1.61930138]
[ 0.41441931]
[-0.0428485]
[ 0.13229554]
[-0.53347791]
[-0.06153206]
[ 0.32424034]
[-0.12792443]
[ 0.20413101]
[ 0.01347316]
[-0.16202427]
[-0.18166669]
[-0.55769083]
[ 0.12034909]
[ 0.04342257]
[ 0.28719254]
[-0.00096204]
[-0.38690249]
[ 0.22862767]
[-0.92012245]
[ 0.0196268]
[-0.44912093]
[ 0.86511622]
[-0.12912837]
[ 0.19798931]
[ 0.06057823]
[ 0.62479506]
[-0.58307224]
[-0.31997804]
[-0.45396154]
[-0.65645141]
[-0.07957409]
[ 0.31213403]
[ 0.03507098]
[-0.65735453]
[-0.75774917]
[-0.0378507]
[ 0.08646278]
[ 0.02396558]
[ 0.01804528]
[ 0.02922635]
[ 0.10272116]
[-0.57664829]
[ 0.26844523]
[ 0.16102745]
[ 0.39703886]
[ 0.42391051]
[ 0.18727536]
[ 0.20842477]
[-0.57189936]
[ 0.26451484]
[ 0.11495388]
[ 0.38136699]
[ 0.06643522]
[ 0.57165498]
[-0.45638131]
[-0.14585485]
[ 0.01535031]
[ 0.39969569]
[-0.58284339]
[ 0.63364567]
[-0.08028757]
[-0.49176103]
[ 0.00615605]
[ 0.64780964]
[ 0.05102273]
[-0.08219006]
[-0.49772681]
[-0.14402122]
[-0.31471195]
[ 0.17543091]
[ 0.29740073]
[ 0.41153233]
[-0.09883701]
[-0.04692807]
[-0.29082594]
[ 0.00522907]
[ 0.02534356]
[ 0.87072035]
[-0.00723688]
[-0.69778653]
[ 0.12712075]
[ 0.24143244]
[ 0.05912274]
[-0.56746871]
[ 0.16359013]
[-0.4946781]
[ 0.3511848]
[-0.0196524]
[ 0.76449267]
[ 0.09167509]
[ 0.48845685]
[-0.26438381]
[ 0.0272599]
[ 0.69295335]
[ 0.38732345]
[ 0.06400278]
[ 1.39998643]
[ 0.04280597]
[ 0.15534248]
[ 0.35431141]
[-0.10672614]
[ 0.23888425]
[ 0.36620356]
[-0.13382042]
[ 0.72822543]
[ 0.14228389]
[ 0.00835047]
[ 0.03399321]
[-0.27966265]
[-0.57257305]
[-0.65527361]
[-0.70021904]
[-0.30480915]
[ 0.14376352]
[-0.00322219]
[ 0.25193208]
[ 0.24359025]
[-0.09153797]
[ 0.67584869]
[ 0.74727207]
[ 0.008529]
[ 0.25381671]
[-0.09772797]
[-0.26956385]
[-0.00487717]
[-0.30710138]
[ 0.23258473]
[ 0.76469275]
[-0.17126792]
[-0.50479422]
[ 0.01722803]
[ 0.31307334]
[ 0.10130043]
[ 0.80484619]
[ 0.33995887]
[ 0.00852523]
[-0.33410054]
[ 0.0162667]
[-0.11171433]
[-0.40635409]
[-0.28234013]
[-0.5853297]
[-0.45719996]
[-0.40775373]
[ 0.00763353]
[ 1.41114764]
[ 0.05644112]
[-0.46668086]
[-0.44150138]
[ 0.36247172]
[-0.28400135]
[-0.49356968]
[ 0.4098009]
[ 0.34660577]
[-0.00631443]
[ 0.06076924]
[ 0.94516004]
[ 0.14513073]
[-0.17358898]
[ 0.00967406]
[ 0.02443762]
[-0.51236363]
[ 0.16380186]
[-0.13725517]
[ 0.5344021]
[ 0.07855991]
[ 0.37783913]
[ 0.57542144]
[ 0.1544813]
[ 0.07355043]
[-0.38656381]
[ 0.36688671]
[ 0.27594826]
[ 0.26316238]
[-0.43685427]
[-0.55393468]
[-0.32173163]
[-0.01624889]
[-0.65966925]
[-0.49628444]
[ 1.0534839]
[ 0.5457534]
[ 0.05463599]
[-0.79849641]
[-0.12464115]
[-0.01454932]
[-0.47218718]
[ 0.39885568]
[ 0.53534404]
[ 0.08440084]
[ 0.32984817]
[-0.13523269]
[ 0.03411948]
[ 0.33439715]
[ 0.1927193]
[-0.01849504]
[ 0.49750774]
[-0.3581492]
[-0.15033533]
[ 0.98186523]
[-0.0162508]
[-0.06859457]
[ 0.63744069]
[-0.11467701]
[-0.93255425]
[ 0.01960881]
[-0.72215071]
[ 0.35473332]
[ 0.33572547]
[-0.05126239]
[-0.20382865]
[-0.49050682]
[ 0.3599312]
[ 0.2765724]
[-0.23576285]
[ 0.46102961]
[ 0.22100678]
[ 0.3295996]
[-0.50762143]
[-0.00266642]
[ 0.00730068]
[-0.08412213]
[-0.43342289]
[ 0.41371592]
[-0.76684648]
[-0.06933956]
[-0.34440212]
[ 0.16011225]
[ 0.63730364]
[ 0.02087093]
[-0.09348693]
[ 0.36963928]
[-0.12760724]
[ 0.36798088]
[ 0.01709292]
[ 0.03999514]
[-0.2201369]
[ 0.03886793]
[-0.05884189]
[-0.24962316]
[-0.21443367]
[-0.0384008]
[-0.74423883]
[-0.86926646]
[ 0.52203093]
[ 1.08560484]
[-0.32967122]
[-0.09768463]
[-0.4247539]
[-0.22212268]
[-0.4994177]
[-0.61169971]
[ 0.6694105]
[-0.04018351]
[ 0.02900176]
[-0.05392037]
[ 0.57283484]
[ 0.07339047]
[ 0.02266961]
[-0.02358196]
[-0.53959737]
[-0.37456287]
[ 0.04950135]
[ 0.01735079]
[ 0.3241718]
[ 0.32505854]
[ 0.03308352]
[ 0.05162]
[-0.40936387]
[ 0.53812629]
[-0.63716497]
[ 0.37988646]
[-0.43406996]
[-0.49767649]
[ 0.291286]
[-0.29832962]
[ 0.14963724]
[-0.44755595]
[ 0.01517228]
[-0.13169475]
[ 0.03600717]
[-0.11601435]
[-0.5247564]
[-0.12908121]
[-0.07793377]
[-0.20300295]
[ 0.00564613]
[ 0.12570877]
[ 0.66868371]
[-0.61586976]
[-0.18442848]
[ 0.06335769]
[-0.07117429]
[-0.33475517]
[-0.73032831]
[-0.16070243]
[ 0.04484242]
[-0.29492658]
[-0.03897217]
[-0.03188404]
[-0.47433211]
[-0.40199274]
[ 0.40330681]
[-0.5704973]
[ 0.17124883]
[ 0.3822578]
[ 0.66823923]
[-0.54906415]
[-0.55691209]
[ 0.07119375]
[ 0.42787217]
[ 0.32386171]
[-0.34440212]
[-0.52443523]
[ 0.72926308]
[ 0.21402022]
[ 0.0465235]
[-0.41793617]
[-0.213654]
[ 0.1177407]
[ 0.38731286]
[ 0.27851488]
[ 0.72269636]
[-0.17931674]
[ 0.37988646]
[-0.14000308]
[-0.57706347]
[-0.57556997]
[ 0.29166392]
[-1.65245229]
[ 0.1550545]
[-0.11541512]
[-0.50087152]
[ 0.90158515]
[-0.08557209]
[ 0.46256373]
[ 0.33198479]
[-0.3278633]
[-0.13353711]
[-0.53195195]
[ 0.05373785]
[-0.68268646]
[ 0.55280509]
[-0.72128051]
[-0.23581632]
[ 0.04359723]
[-0.12379615]
[ 0.30214623]
[ 0.20187438]
[ 0.42053719]
[ 0.07589621]
[-0.56783961]
[-0.15604222]
[-0.12567935]
[ 0.11844289]
[-0.04452131]
[ 0.40803754]
[-0.6528957]
[-0.30924314]
[-0.30314663]
[ 0.04387744]
[-0.18247697]
[ 0.19792748]
[-0.3260507]
[-0.32318955]
[ 0.27021798]
[-0.39120697]
[ 0.14832256]
[-0.47083207]
[ 0.02845024]
[-0.44741322]
[-0.3429973]
[ 0.03918794]
[ 0.69590031]
[ 0.05395269]
[ 0.04966943]
[-0.57430754]
[ 0.49251933]
[ 0.25862555]
[-0.20166351]
[ 0.388939]
[ 0.70123202]
[-0.06473451]
[-1.27146785]
[-0.10290132]
[-0.44895421]
[ 0.36408903]
[ 0.13413547]
[ 0.11627043]
[ 0.06535993]
[-0.40078784]
[-0.13785313]
[ 0.29388384]
[ 0.27847074]
[-0.00273902]
[ 0.71546521]
[-0.0328942]
[-0.03852877]
[ 0.35101835]
[ 0.11315235]
[ 0.07927066]
[-0.02620553]
[ 0.1395545]
[ 0.01542967]
[-0.01317098]
[ 0.12637138]
[ 0.25233989]
[-0.54070083]
[-0.07801582]
[-0.29596975]
[ 0.04189623]
[-0.51636509]
[-0.64369444]
[ 1.56343608]
[-0.28901163]
[-0.27607359]
[ 0.60763321]
[ 0.25867828]
[-0.98112471]
[ 0.11154142]
[ 0.04297372]
[-0.35343169]
[ 0.43921175]
[-0.04645454]
[ 0.01317739]
[-0.2347642]
[ 0.08238409]
[-0.83028181]
[-0.30159901]
[ 0.34868149]
[-0.03410058]
[ 0.29097185]
[ 0.09105751]
[ 1.19591052]
[-0.45585669]
[ 1.47130656]
[-0.023969]
[ 0.48905069]
[-0.01416397]
[-0.03909239]
[ 0.44160254]
[-0.58044937]
[ 0.3029753]
[ 0.18431197]
[ 0.05396576]
[-0.4191881]
[-0.05640357]
[-0.04398468]
[-0.48957209]
[-0.4874576]
[-0.11635564]
[-0.67159336]
[ 0.03773141]
[ 0.17022215]
[ 0.36308238]
[ 0.35283324]
[-0.30685793]
[ 0.02727133]
[-0.43396735]
[ 0.03313291]
[ 0.03973449]
[-0.19998512]
[-0.60552102]
[-0.05656374]
[ 0.11953692]
[ 0.18043491]
[ 0.01151273]
[-0.00676046]
[ 0.44258817]
[-0.31079691]
[ 0.03562858]
[ 0.17815526]
[-0.24572929]
[ 0.08401539]
[-0.58510359]
[-0.56566848]
[-0.01724102]
[-0.44575908]
[-0.30413755]
[ 0.27020359]
[ 0.35188827]
[-0.22536858]
[-0.33974206]
[ 0.76803524]
[ 0.36275661]
[ 0.12931957]
[-0.39104027]
[ 0.14381458]
[-0.06320916]
[-0.14865464]
[-0.05546166]
[-0.33856972]
[-0.05293133]
[-0.42196096]
[ 0.04387767]
[ 0.40494957]
[ 0.37092746]
[ 0.06142146]
[-0.01000515]
[-0.5239414]
[-0.20704907]
[-0.68844024]
[ 0.64589176]
[ 0.14279541]
[-0.41510881]
[-0.66427836]
[-0.12011673]
[ 0.14018555]
[-0.55008996]
[-0.55719163]
[ 0.34352127]
[ 0.34888258]
[-0.15140684]
[-0.44023835]
[-0.27851871]
[ 0.08233353]
[ 0.08730927]
[-0.42128511]
[ 0.02113317]
[-0.07892652]
[ 0.16571142]
[ 0.56024003]
[ 0.00028233]
[ 0.33437179]
[ 0.37342348]
[ 0.06129424]
[-0.60022543]
[ 0.03999902]
[-0.07723563]
[-0.56344976]
[-0.10874342]
[ 0.20793581]
[-0.03971453]
[-0.11719762]
[ 0.14339737]
[ 0.09921319]
[-0.03022999]
[ 0.28969019]
[ 0.27210284]
[-0.07649047]
[-0.04528863]
[ 0.09866185]
[-0.40489345]
[-0.21348693]
[-0.49233287]
[ 0.28435372]
[-0.18863134]
[ 0.22440717]
[ 0.19168023]
[-0.36313722]
[-0.0159142]
[ 0.40362743]
[-0.48065057]
[-0.13104635]
[-0.27047206]
[-0.5795239]
[ 0.14300364]
[-0.25328247]
[ 1.19544236]
[ 0.04699156]
[ 0.02191904]
[ 0.03923919]
[-0.27659766]
[ 0.28422665]
[ 0.09626916]
[ 0.02146288]
[-0.61178494]
[ 0.45376287]
[-0.47806854]
[-0.52104658]
[-0.02271925]
[ 0.00719004]
[-0.1733861]
[-0.39385083]
[-0.4507239]
[-0.02786802]
[-0.49919021]
[ 0.33515056]
[ 0.01827959]
[-0.34350104]
[-0.38632656]
[ 0.00102897]
[ 0.01127687]
[-0.07477376]
[ 0.63999284]
[ 0.08046326]
[ 0.10660429]
[ 0.32857621]
[-0.53605966]
[-0.10421392]
[ 0.61421479]
[-0.18062118]
[-0.19094262]
[-0.6184277]
[-0.45447437]
[-0.60015888]
[-0.11170866]
[-0.02374712]
[ 0.29454631]
[ 0.85810485]
[ 0.34049197]
[-0.30428959]
[ 0.04493419]
[-0.00478829]
[ 0.46704152]
[-0.51439501]
[ 0.03038989]
[-0.13412237]
[-0.24946077]
[ 0.48255431]
[-0.64068689]
[ 0.03639388]
[-0.22289415]
[-0.43645696]
[-0.15115964]
[-0.32048274]
[-0.74978274]
[-0.37695896]
[-0.52511665]
[-0.02350061]
[-0.14012313]
[ 0.18325071]
[-0.96118187]
[-0.40893528]
[ 0.51872969]
[ 0.02021631]
[-0.16274028]
[-0.5151182]
[-0.34918826]
[ 0.485087]
[ 0.51778697]
[-0.0242593]
[ 0.27567991]
[-0.21893895]
[ 0.0224927]
[ 0.2739587]
[-0.10968631]
[ 0.80055913]
[ 0.31912813]
[ 0.04299996]
[-0.04691397]
[ 0.0066673]
[-0.42808466]
[ 0.41298165]
[ 0.6556214]
[ 0.7325682]
[ 0.43167541]
[-0.6926281]
[-1.19866001]
[ 0.50865144]
[-0.12188694]
[-0.5093334]
[ 0.42776088]
[ 0.16493174]
[ 0.02253424]
[ 0.42497546]
[ 0.04484242]
[-0.42472526]
[-0.42701128]
[-1.61575815]
[-0.10844429]
[ 0.02322845]
[ 0.27838094]
[ 0.13231749]
[-0.5853297]
[ 1.20749786]
[-0.03555665]
[-0.54259854]
[ 0.10882311]
[ 0.04638432]
[ 0.06063725]
[ 0.02264845]
[ 0.04828668]
[-0.07947729]
[ 0.14733305]
[-0.50793221]
[ 0.11878636]
[ 0.01572633]
[-0.44127908]
[-0.65879417]
[-0.03830763]
[ 0.31588616]
[ 0.15677137]
[ 0.4233897]
[-0.02865054]
[ 0.00100313]
[-0.76611859]
[-0.60129038]
[ 0.3516621]
[-0.0096067]
[-0.57706347]
[ 0.09348821]
[-0.75222871]
[-0.45668182]
[ 0.38731286]
[-0.06694213]
[-0.55514469]
[-0.54705718]
[-0.75137629]
[ 0.02646499]
[ 0.10793826]
[-0.01292419]
[ 0.07266785]
[ 0.02235593]
[ 0.45283042]
[ 0.94243012]
[-0.68337857]
[-0.06642844]
[ 0.7375564]
[ 0.57533189]
[ 0.21349214]
[ 0.7336475]
[ 0.41579135]
[-0.61689397]
[-0.60567801]
[ 0.4236704]
[-0.64527215]
[ 0.16300554]
[-0.73305521]
[-0.20723574]
[ 0.00601254]
[ 0.82283641]
[-0.29045733]
[-0.13485007]
[ 0.35529898]
[ 0.38217366]
[-0.09681461]
[ 0.5012643]
[-0.48997164]
[ 0.31891893]
[-0.3661349]
[-0.1518963]
[-0.49731407]
[ 0.05797713]
[ 0.27954885]
[ 0.05548459]
[-0.02480075]
[ 0.12961337]
[-0.646384]
[ 0.93861221]
[ 0.01166801]
[ 0.05437719]
[ 0.0030588]
[ 0.75133166]
[ 0.01236593]
[ 0.22976988]
[ 0.66875306]
[-0.01524016]
[ 0.09232801]
[ 0.16033625]
[-0.28134097]
[-0.20853139]
[-0.58771955]
[-0.04947448]
[-0.0549444]
[-0.51625384]
[ 0.32468941]
[ 0.0240114]
[-0.16654275]
[ 0.14273685]
[-0.49844451]
[-0.18062118]
[-0.05198734]
[-0.54260908]
[ 0.14643029]
[-0.56888883]
[ 0.0971797]
[ 0.08436018]
[ 0.03099282]
[ 0.22347689]
[-0.00781784]
[ 0.06458696]
[ 0.0389681]
[ 0.59769898]
[-0.09954586]
[ 0.05142837]
[-0.10882881]
[ 0.74467347]
[-0.36087262]
[ 0.56101222]
[ 0.13620715]
[-0.38104449]
[ 0.01415172]
[ 0.0479376]
[ 0.40260538]
[-0.08078383]
[-0.13834225]
[-0.16363088]
[-0.57580124]
[-0.10173587]
[ 0.03164021]
[ 0.04806247]
[-0.00208371]
[-0.18720632]
[ 0.17254418]
[ 0.27703335]
[ 0.04469174]
[ 0.02718193]
[-0.66867062]
[ 0.11266976]
[-0.60289578]
[ 0.44340844]
[ 0.30221928]
[ 0.02886674]
[ 0.02920449]
[-0.06648441]
[ 0.04655635]
[-0.16883802]
[ 0.03792319]
[-0.11171433]
[-0.02853393]
[-0.05439556]
[ 0.40231506]
[ 0.43750955]
[ 0.31477164]
[ 0.00552435]
[-0.20732537]
[-0.55806321]
[ 0.26684006]
[-0.51766318]
[-0.43118861]
[ 0.15600116]
[ 0.47438214]
[-0.43034568]
[ 0.53050736]
[ 0.31485603]
[-0.23875123]
[ 0.03982089]
[ 0.52309047]
[ 0.0428881]
[-0.25278007]
[-0.22040592]
[-0.75123957]
[ 0.69933931]
[ 0.00259595]
[ 0.14394173]
[ 0.03738356]
[ 0.15228763]
[-0.56478646]
[-0.04731022]
[ 0.14132633]
[ 0.24635729]
[-0.02738537]
[ 0.01493638]
[-0.33787238]
[ 0.19774618]
[ 0.03288252]
[-0.68342762]
[-0.76077735]
[ 0.13140817]
[ 0.3218938]
[ 0.04746562]
[-0.59669174]
[ 0.3568733]
[ 0.53068384]
[-0.39188211]
[-0.57150305]
[-0.35023653]
[-0.57986795]
[-0.67811799]
[ 0.15475697]
[ 0.53447909]
[ 0.37209566]
[ 0.086419]
[-0.5917742]
[ 0.23984692]
[ 0.12539976]
[ 0.37978235]
[ 0.08433893]
[ 0.0212188]
[ 0.79890868]
[ 0.39209486]
[-0.14168006]
[-0.67970048]
[-0.09415848]
[ 0.14375022]
[-0.55384064]
[ 0.35815016]
[ 0.49172257]
[ 0.58885811]
[-1.9067204]
[ 0.22667887]
[-0.67571164]
[ 0.14316823]
[ 0.58604049]
[-0.38955584]
[ 0.05711977]
[-0.19506132]
[-0.58371071]
[-0.62921651]
[ 0.8005141]
[-0.09636309]
[-0.51983807]
[ 0.29973232]
[-0.02335779]
[ 0.01873933]
[ 0.36796933]
[ 0.36279444]
[ 0.52123788]
[-0.34253721]
[ 0.1522432]
[-0.48680549]
[-0.39670403]
[ 0.46878867]
[-0.29280709]
[ 0.05294366]
[ 0.15236228]
[-0.38634791]
[-0.56671452]
[ 0.11605817]
[ 0.28784343]
[-0.60014757]
[ 0.02129174]
[ 0.03136271]
[ 0.71072626]
[ 0.35826477]
[-0.7270256]
[-0.05951027]
[-0.52719208]
[ 0.39587519]
[ 0.10410705]
[ 0.69314377]
[ 0.16007335]
[-0.16767759]
[ 0.01899302]
[-0.00543598]
[-0.01223021]
[ 0.27962626]
[ 0.83241923]
[-0.64919235]
[-0.07982147]
[ 0.38126362]
[ 0.32291142]
[-0.63607663]
[ 0.37209566]
[ 0.44119319]
[-0.51744099]
[-0.53616623]
[ 0.50513069]
[ 0.34681334]
[ 0.11002461]
[-0.69412865]
[-0.54677397]
[ 0.36790406]
[-0.19201252]
[ 0.29702843]
[ 0.48744766]
[ 0.35289957]
[-0.00427978]
[-0.09091339]
[ 0.37988646]
[-0.53808929]
[ 0.03713318]
[-0.61094926]
[ 0.01929217]
[ 0.43768301]
[ 0.01208821]
[-0.77427736]
[-0.04166214]
[ 0.04030182]
[ 0.16136278]
[ 0.52862815]
[ 0.043158]
[ 1.19124545]
[ 0.53070737]
[ 0.2102243]
[-1.25034834]
[-0.68805722]
[ 0.23300017]
[-0.06164588]
[-0.76709753]
[-0.04411643]
[ 0.4321379]
[-0.43713885]
[-0.08368907]
[ 0.0060506]
[ 0.71238614]
[ 0.14828216]
[ 0.39141389]
[ 0.30191824]
[ 0.52147594]
[ 0.25029683]
[-0.41226341]
[-0.23361707]
[ 0.42664153]
[-0.38651181]
[-0.09025892]
[ 0.00864253]
[ 0.22627733]
[ 0.39361284]
[-0.56940833]
[-0.00241158]
[-0.77609889]
[ 0.31912881]
[ 0.09424378]
[-0.03347485]
[-0.50577017]
[ 0.0484828]
[ 0.20541489]
[-0.06732472]
[-0.02460433]
[-0.84133159]
[-0.28400135]
[ 0.13706027]
[-0.03683054]
[ 0.22101819]
[ 0.62233916]
[ 0.002088]
[-0.17209589]
[-0.03588851]
[-0.47678312]
[ 0.39128868]
[ 0.36779775]
[ 0.06773928]
[ 0.1881195]
[ 0.02282826]
[ 0.39069076]
[ 0.00976567]
[ 0.28524413]
[ 0.08331233]
[ 0.08610457]
[ 0.37128163]
[-0.08544879]
[ 0.67223558]
[ 0.05945218]
[-0.04069111]
[ 0.61872439]
[-0.0200091]
[-0.62934532]
[ 0.36976841]
[-0.42912422]
[ 0.21630959]
[-0.68971573]
[-0.02522113]
[-0.78235545]
[-0.30075218]
[ 0.08318232]
[ 0.14753889]
[ 0.0400551]
[ 0.5613355]
[ 0.49740201]
[-0.55673873]
[ 0.07639384]
[-0.68724023]
[-0.93641001]
[-0.6878404]
[ 0.04078478]
[-0.05666662]
[ 0.18493003]
[ 0.00976607]
[ 0.31324648]
[ 0.00248426]
[-0.03821283]
[ 0.84739182]
[ 0.04262285]
[-0.00677043]
[ 0.33163795]
[-0.5405111]
[ 0.34951123]
[-0.13348857]
[ 0.11309878]
[ 0.70050532]
[-0.08540497]
[-0.39195187]
[-0.11854088]
[ 0.47660862]
[-0.02112313]
[-0.65981562]
[-0.60559546]
[ 0.09818276]
[ 0.0661109]
[-0.0141642]
[ 0.21981703]
[-0.44197447]
[-0.36627014]
[-0.02595189]
[-0.59782311]
[ 0.40846417]
[-0.02573283]
[-0.00990666]
[-0.12372426]
[ 0.37988646]
[-0.72209356]
[-0.52157501]
[-0.56960814]
[-0.538928]
[-0.21626518]
[-0.08868943]
[-0.04838133]
[ 0.22248672]
[-0.00686625]
[ 0.52338688]
[-0.09361003]
[ 0.11090145]
[-0.03664462]
[ 0.00348845]
[ 0.37270994]
[-0.74779616]
[-0.15064155]
[ 0.62333671]
[ 0.06240418]
[ 0.25847256]
[ 0.04216166]
[-0.56841063]
[-1.4839579]
[-0.16605597]
[-0.01582154]
[ 0.0019427]
[ 0.20948241]
[ 0.11736755]
[ 0.58550913]
[ 0.30641143]
[-0.52510295]
[ 0.08387944]
[ 0.42427614]
[-0.58752681]
[-0.03706867]
[ 0.05392365]
[-0.07369707]
[ 0.05412922]
[-0.15622021]
[-0.14541752]
[ 0.49718636]
[-0.00834281]
[-0.1522275]
[ 0.05447777]
[-0.78780154]
[ 0.00391741]
[-0.15117046]
[ 0.5679668]
[ 0.4056471]
[ 0.30289925]
[-0.03479801]
[-0.27308405]
[ 0.03026689]
[-0.09270724]
[-0.53116963]
[ 0.26518989]
[ 0.02256695]
[-0.11655468]
[ 0.01884139]
[ 0.05720446]
[-0.14137412]
[-0.85888049]
[-0.67598192]
[-0.09735654]
[-0.58373146]
[-0.23169432]
[-0.68521674]
[ 0.36557183]
[ 0.25527859]
[-0.29027726]
[-0.17759552]
[-0.53343559]
[ 0.34785711]
[ 0.0869332]
[-0.09763024]
[ 0.12913684]
[ 0.10611532]
[-0.12130366]
[-0.10546632]
[ 0.3319376]
[-0.52119638]
[-0.89629851]
[-0.69222888]
[ 0.0608634]
[ 0.00618822]
[ 0.03622056]
[-0.01860047]
[ 0.04978995]
[-0.56478646]
[ 0.41479718]
[ 0.26593036]
[ 0.6880704]
[ 0.21157425]
[ 0.05446888]
[ 0.4792515]
[ 0.16564854]
[-0.0205934]
[ 0.12328421]
[ 0.37808935]
[-0.42672303]
[ 0.4362711]
[-0.13628946]
[-0.51181929]
[-0.44837399]
[ 0.26513727]
[ 0.03413868]
[ 0.39878203]
[-0.18125645]
[ 0.59976331]
[ 0.03232981]
[-0.38818061]
[ 0.02981564]
[ 0.39013822]
[-0.40553055]
[ 0.25772567]
[-0.56185712]
[-0.38656381]
[ 0.12178336]
[ 0.04493419]
[ 0.06274034]
[-0.51119155]
[-0.62379479]
[-0.68657386]
[ 0.14359427]
[-0.18414729]
[ 0.0848386]
[ 0.30208213]
[-0.08020322]
[-0.24297471]
[-0.10677593]
[-0.23670397]
[ 0.20360376]
[ 0.72392316]
[-0.28943686]
[ 0.13489642]
[ 0.19459002]
[-0.36385599]
[ 0.04541054]
[-0.28844096]
[-0.34407259]
[ 0.37991093]
[-0.42902136]
[ 0.02894825]
[ 0.37726887]
[-0.54677397]
[ 0.4098009]
[ 0.12538402]
[-0.08754329]
[ 0.12058676]
[ 0.16958953]
[ 0.06267496]
[-0.5185371]
[ 0.06993357]
[-0.13976926]
[-0.04807881]
[ 0.24389971]
[ 0.71872144]
[ 0.68792607]
[ 0.06981606]
[-0.1053758]
[-0.43955108]
[ 0.04673147]
[ 0.33478274]
[-0.06534402]
[ 0.46227996]
[ 0.00539188]
[ 0.01575074]
[-0.08716761]
[-0.46761848]
[-0.36788702]
[-0.22990326]
[ 0.01508017]
[-0.24668803]
[-0.16643405]
[-0.59364526]
[ 0.19007081]
[ 0.06646361]
[ 0.72720688]
[ 0.80854291]
[ 0.44340994]
[ 0.25073586]
[-0.85332574]
[ 0.00222664]
[ 0.23786033]
[-0.30795522]
[-0.13970958]
[ 0.01487112]
[-0.51898667]
[-0.11747592]
[-0.01411048]
[-0.49721194]
[-1.32709759]
[ 0.02256744]
[ 0.03132393]
[ 0.14766309]
[ 0.41021962]
[ 0.0784707]
[-0.55444903]
[ 0.00132921]
[-0.56602231]
[-0.56230062]
[-0.01014523]
[ 0.01378481]
[-0.17607343]
[ 0.24172542]
[-0.42522176]
[-0.15843336]
[-0.25431837]
[-0.69727806]
[ 0.32610332]
[ 0.150355]
[ 0.0313101]
[ 0.46491005]
[ 0.04356526]
[ 0.47351922]
[-0.0069485]
[-0.07514443]
[ 0.68370793]
[-0.62072299]
[ 0.5763739]
[-0.00801578]
[ 0.14454166]
[ 0.97268375]
[ 0.85798908]
[-0.15943131]
[ 1.79742481]
[-0.52732916]
[-0.06622545]
[-0.08242679]
[ 0.67947022]
[ 0.25659637]
[-0.0965685]
[-0.00104506]
[ 0.39742285]
[ 0.24192306]
[-0.06071458]
[-0.15301914]
[ 0.3183073]
[ 0.31010262]
[-0.45578783]
[-0.00827054]
[ 0.28263744]
[ 0.37273576]
[ 0.3991778]
[ 0.02066114]
[-0.57583726]
[ 0.13690868]
[ 0.43583972]
[ 0.22319322]
[-0.68607308]
[ 0.40684606]
[ 0.89771885]
[-0.06642575]
[-0.33449712]
[-0.33205169]
[ 0.29767786]
[-0.01439354]
[-0.35182211]
[-0.67973865]
[ 0.14733731]
[ 0.41178924]
[-0.4835657]
[ 0.41735779]
[-0.06918293]
[-0.4253962]
[ 0.34856123]
[ 0.09936599]
[-0.29018996]
[-0.15082571]
[ 0.33182164]
[ 0.00540716]
[-0.06938085]
[ 0.04828932]
[ 0.33955274]
[ 0.36564235]
[-0.43464748]
[-0.4883636]
[-0.14041306]
[-0.38656381]
[ 0.03332437]
[ 0.22218443]
[ 0.05979715]
[ 0.04451204]
[ 0.24352179]
[-0.31292868]
[-0.42229116]
[-0.21001969]
[ 0.44410066]
[-0.26522843]
[-0.25307726]
[  4.49829829e-05]
[ 0.04685129]
[-0.31669228]
[-0.88865237]
[-0.41160764]
[ 0.08261264]
[ 0.12103894]
[ 0.12187638]
[ 0.30569655]
[-0.25033642]
[-0.87277244]
[ 1.1255902]
[ 0.61288797]
[ 0.03431536]
[ 0.36826468]
[ 0.08927028]
[-0.52210421]
[-0.18005105]
[ 0.14059481]
[ 0.11637736]
[ 0.14480619]
[ 0.06125917]
[ 0.1406474]
[ 0.09346198]
[-0.12249763]
[-0.11392318]
[-0.03611598]
[-1.12874142]
[-0.0138121]
[-0.52157501]
[-0.39147647]
[-0.0989714]
[ 0.02543324]
[ 0.07341507]
[-0.0376766]
[-0.21381138]
[ 0.60721345]
[-0.11854588]
[ 0.14328006]
[ 0.03794586]
[ 0.11608965]
[ 0.4233897]
[-0.35681516]
[-0.45266551]
[-0.45309449]
[-0.55131712]
[-0.41055622]
[ 0.44864927]
[ 0.33507519]
[ 0.03943797]
[ 0.42828542]
[ 0.06157541]
[ 0.13304896]
[-0.14691819]
[-0.5780535]
[ 0.09919687]
[-0.12064321]
[ 0.24474032]
[ 0.15463961]
[-0.09542132]
[-0.45202921]
[ 0.00678865]
[ 0.68483833]
[-0.82560799]
[ 0.39103651]
[-0.38354279]
[ 0.04684434]
[-0.46036752]
[ 0.98073674]
[-0.17358898]
[ 0.05341376]
[ 0.10083272]
[-0.01598802]
[ 0.05042575]
[ 0.28994938]
[ 0.21804788]
[ 0.2516328]
[-0.65624225]
[ 0.94260881]
[-0.03880338]
[-0.11531892]
[ 0.13417514]
[ 0.39561716]
[-0.48997164]
[ 0.01176259]
[ 0.10142078]
[ 0.42932669]
[-0.28898489]
[ 0.2844387]
[ 0.95913226]
[ 0.44243306]
[ 0.24556011]
[-0.8214654]
[ 0.06717037]
[-0.46584999]
[ 0.0428881]
[ 0.28338809]
[-0.17617504]
[-0.1775112]
[ 0.28069579]
[ 0.06333564]
[-0.57257442]
[ 0.78497389]
[-0.59059597]
[ 0.00389726]
[-0.48414782]
[-0.01958054]
[-0.02755224]
[-0.13837702]
[-0.52642005]
[-0.28202061]
[-0.54510708]
[ 1.12379967]
[-0.0554692]
[ 0.01923041]
[-0.39385083]
[-0.00494922]
[ 0.07256824]
[ 0.08227115]
[ 0.05292047]
[-0.05285281]
[ 0.8984975]
[ 0.00193137]
[ 0.45653766]
[ 0.08269304]
[ 0.34415392]
[ 0.08405279]
[-0.12041547]
[ 0.13591334]
[ 0.06979434]
[-0.19644372]
[-0.17389016]
[-0.3144187]
[-0.73672048]
[ 0.01458279]
[-0.79305333]
[ 0.85338117]
[ 0.68646547]
[-0.77987483]
[ 0.39565501]
[-0.15810776]
[ 0.28005639]
[ 0.28913266]
[-1.33707133]
[-0.89432356]
[-0.57618632]
[-0.44872512]
[ 0.0731054]
[-0.13367499]
[ 0.35726042]
[ 0.21782336]
[-0.74956119]
[ 0.47659052]
[ 0.39440237]
[ 0.02544472]
[-0.18968752]
[-0.6441599]
[ 0.37358624]
[ 0.19225071]
[ 0.06518722]
[-0.47180041]
[ 0.02503865]
[ 0.04014981]
[ 0.40846267]
[-0.17186703]
[-0.11959757]
[ 0.17186991]
[-0.08773434]
[ 1.69256313]
[-0.63213099]
[ 0.03478393]
[ 0.60002173]
[-0.03037696]
[ 0.64888424]
[-0.01876008]
[-0.00136541]
[ 0.31583298]
[-0.00758893]
[ 0.02811175]
[-0.31096221]
[-0.05463437]
[ 0.0467392]
[-0.67494922]
[ 0.12264346]
[ 0.11525806]
[-0.50561571]
[ 0.01882693]
[-0.11635036]
[-0.65520849]
[-1.34462129]
[-0.03768608]
[-0.30847284]
[-0.63362313]
[-0.22312653]
[ 0.39381131]
[-0.23047952]
[ 0.11477386]
[-0.00530789]
[ 0.3694781]
[-0.55959441]
[ 0.07743144]
[ 0.60726625]
[ 0.04644935]
[ 0.10389252]
[ 0.01709961]
[-0.54740908]
[ 0.19879053]
[ 0.23666381]
[-0.10397341]
[-0.15869224]
[ 0.12901784]
[ 0.03782697]
[ 0.50331496]
[-0.0120878]
[-0.03637037]
[ 0.82444507]
[-0.27200089]
[-0.81688826]
[-0.5457045]
[-0.1208845]
[-0.22688008]
[-0.08598152]
[-0.21195665]
[-0.08458342]
[ 0.05345895]
[ 0.33909688]
[-0.3650447]
[ 0.34612572]
[-0.37681446]
[ 0.28983678]
[-0.59868546]
[ 0.07400414]
[-0.50622804]
[ 0.25879441]
[ 0.99832636]
[-0.21284537]
[-0.08479547]
[-0.37388914]
[-0.57649652]
[-0.04135498]
[ 0.23322154]
[ 0.19354287]
[ 0.2590278]
[-0.4263187]
[-0.56694412]
[ 0.3308258]
[-0.51047398]
[-0.34091421]
[-0.26218315]
[ 0.08392934]
[-0.63448423]
[ 0.58599871]
[-0.19784458]
[-0.0536014]
[ 0.31390326]
[-0.29475707]
[ 0.08569814]
[  6.69021738e-05]
[-0.72100353]
[ 0.64475365]
[ 0.42039086]
[-0.06245006]
[-0.21104468]
[ 0.44512778]
[-1.19896122]
[ 0.37547073]
[-0.04407121]
[ 0.13385729]
[ 0.62412737]
[ 0.24848614]
[-0.00796203]
[-0.00733203]
[-0.02085644]
[ 0.33164515]
[-0.39843681]
[-0.79333671]
[ 0.45384649]
[-0.61388972]
[-0.03562201]
[-0.19077869]
[ 0.79658889]
[-0.06199488]
[ 0.15870438]
[-0.1817549]
[-0.65591684]
[ 0.13920573]
[ 0.226068]
[ 0.24445143]
[-0.00607812]
[ 0.12997349]
[-0.11668557]
[-0.26266595]
[ 0.13347704]
[ 0.37583345]
[-0.08991229]
[-0.13689965]
[-0.06492082]
[-0.21079305]
[-0.55830157]
[ 0.33219036]
[-0.03408806]
[-0.15134363]
[ 0.49764901]
[ 0.37686415]
[-0.08058071]
[ 0.01699242]
[ 0.21938309]
[-0.6717378]
[ 0.00377857]
[ 0.93236248]
[ 0.06305707]
[ 0.08228354]
[-0.22147992]
[-0.08113849]
[-0.51453562]
[ 0.16087728]
[ 0.46649357]
[-0.24383051]
[ 0.04544044]
[-0.03365427]
[-0.53823314]
[-0.63423248]
[-0.1111521]
[ 0.40707159]
[ 0.18446814]
[ 0.23502677]
[  8.18656416e-05]
[-0.93699448]
[ 0.16891772]
[-0.72081086]
[ 0.11712219]
[-0.45754772]
[-0.52723776]
[ 0.03773141]
[ 0.04601114]
[ 0.2223871]
[-0.12921076]
[ 0.11088229]
[ 0.25233645]
[-0.14407479]
[ 0.13805377]
[-0.54816077]
[-0.13130287]
[-0.50799163]
[-0.05225408]
[-0.37370398]
[ 0.16430477]
[-0.51634491]
[-0.67066454]
[-0.77520007]
[-0.19307586]
[ 0.62252712]
[ 0.70720385]
[ 0.06533489]
[ 0.84668198]
[-0.54705963]
[ 0.04634435]
[ 0.17759082]
[-0.00962387]
[-0.523409]
[ 0.29558898]
[-0.11712503]
[-0.18826028]
[ 0.36826468]
[-0.26009455]
[ 0.31873957]
[ 0.23509966]
[ 0.04487188]
[-0.29208701]
[ 0.05818012]
[-0.21134684]
[-0.46187249]
[ 0.06505547]
[ 0.13314496]
[ 0.26170949]
[-0.51428602]
[ 0.01812647]
[-0.51331182]
[-0.53050899]
[-0.40776534]
[-0.42176604]
[ 0.47614789]
[-0.37925385]
[ 0.03910646]
[-0.17010439]
[ 0.07570347]
[ 0.70651711]
[ 0.00738008]
