-0.331955780953
0.194552899044
0.165940463548
0.099992831155
-1.1920784611
-0.441588569609
-0.522724822773
-0.627202766219
0.54532958954
-0.398071187788
-0.100458454027
0.451417283804
0.826569639902
0.035123037544
-0.198441301452
-1.09489528297
0.333510993522
-0.153716505014
0.424223445941
0.9178347411
0.0285206755339
0.577365927356
-0.175478717442
-0.522247978146
-0.595604345542
-0.705418209669
-0.544443793842
0.441259945556
-0.179496412739
0.203799131887
0.542662674263
-0.0813892314417
-0.0686264665579
-0.365284956505
-1.12342505494
-0.155537767421
0.279123069482
0.371463976976
-0.581943985152
-0.629879177151
-0.636228602086
-0.111372699077
-0.616418239352
-0.560491946449
0.0643021182769
-0.197005473406
-1.38882754909
-0.182823004008
0.581489278496
0.623992797763
-0.575931692505
0.853679660067
-0.224991256744
0.178671300703
0.171190186244
-0.667447305278
0.360245032636
-0.524143367193
-0.475459852249
-0.715947243147
-0.177260745266
0.577475605935
-0.752474773944
0.500686331687
0.576191924671
-0.993376330183
-0.72590022916
0.373560438285
-0.362067039956
0.13583601975
0.427529637156
0.216392198986
-0.286031017774
-0.488905190659
-0.406423854303
-0.522551161656
0.519844808822
0.012535395177
-0.185389544915
-0.785479589434
0.378253993458
-1.36227410733
0.0598512695394
-0.061811909738
-1.0595996729
-0.0576418259893
-0.555597657112
0.186591817037
0.240439248466
-0.119739289891
0.606940930721
0.563949279262
0.0476850940497
0.00818557847065
0.980571972549
-0.819090814339
0.557533954141
-0.759636659097
-0.165361375279
0.0779531197333
-0.0620178532211
-0.00806785100075
-1.26494745169
-0.488835275516
-0.0527270519307
0.543700651426
-0.495715015304
-0.400930950277
0.666648182596
-0.00581647975934
0.027684907384
-0.559690773938
-0.080911225673
1.18453103168
0.196318990566
0.104213211458
-0.39164351795
0.115491519081
-0.944207480117
-0.872363483203
0.56584101094
0.349737537047
0.28240973396
0.836407264327
0.343838602742
0.144672152603
1.15985111924
-1.34109550574
-0.117336857402
0.213314983866
0.897049683404
0.428632745931
0.0453124682255
0.540812457433
0.444348846357
0.143172310872
-0.138174189655
-1.55718910469
-0.255602644408
-1.14968685818
0.316671673892
0.564640584345
0.851105806664
-1.13694463469
0.351157772897
-0.672027468123
-0.490104909216
-0.258635481448
0.168352705615
0.196037731278
-0.899576349261
-0.38637771808
0.0220193915704
-0.559678251591
-0.997458227529
-0.0988615976284
-0.512901353424
0.744199069204
0.105302418058
0.196349516105
0.753735547241
1.11163210245
-0.00670639516776
-0.539267681417
0.762420701148
-0.711166066269
-1.02626604813
1.1068333603
-0.242979663786
0.155612895889
-0.663779799824
0.889846522969
0.949898434001
0.0516621167531
-0.541991336872
-0.0274979006703
0.207045179155
1.02083459493
0.473608400824
1.15988141309
0.00264248965266
-0.385282931792
-1.1852635856
0.94963097698
0.385569876989
0.301179631701
0.071618142926
-0.722181466445
-0.713779565
0.120815696797
-0.776195759531
0.558123383245
-0.695532571412
0.657483927916
0.954104948227
0.762470968252
-0.0493773366734
0.774062541061
-0.0911724936313
1.11862630375
-0.372784302599
0.270319409992
-0.451615526466
0.412922056677
0.0165758062889
-0.738079545314
0.201187511016
-0.315384458662
-1.08877485532
0.16121568981
-0.783299638105
-0.0806831204498
0.128349452783
1.05688169625
-0.938478520673
0.0141260450783
0.418377794066
-0.638130624508
0.137234362207
0.0714674697958
0.48706737023
-0.469909570523
-0.787856393281
0.532141650817
0.379897876967
0.869325042723
0.545254574114
0.116961817231
0.0964102880495
0.0384442581432
-0.228134932818
-0.0707499034402
-0.328314249749
0.203817881256
0.540284067204
-0.0640017347136
0.637333282919
0.0532903645438
-0.413625629158
0.298257883924
-0.0594576084993
0.135654862164
0.200668452735
-0.955758411661
-1.30036251227
-0.711655672994
0.0893670674995
-0.269788787111
0.372254384226
-0.150381546898
0.108132863791
-0.241348907755
0.756906500317
-0.0801636127459
-0.446703599033
0.00905708204594
-0.591390316967
0.575552964999
0.359432077038
0.152173786629
-0.778256500633
0.67265180769
-0.954859892427
-1.12385418884
-0.600199164183
0.0585449550776
-0.400147358188
0.200843431047
-0.207996751261
-0.836515162443
0.496839654564
0.0459564460161
0.2577501013
-0.0362191184705
0.480684470505
0.612466146823
-0.448654400998
-0.515655860882
0.597750894473
-0.932859183894
-0.636101578221
-0.0629092511455
0.35430924766
-0.451291946042
-0.0463462365884
0.270959369916
-0.779922436703
-0.348677718287
-0.661062576386
-0.59303368995
0.117830681748
1.14311627742
-0.217392084547
0.059766847152
-0.927799032003
0.546181798207
0.93302659318
-0.661268651894
0.111572496145
-0.88360026155
0.540752827281
1.03739340366
0.0537878076352
0.242332059539
0.45792503493
1.20119785842
-0.72058362437
-0.219923938391
1.08092115449
-0.441807117451
-0.620424709693
-0.585300410061
0.279296400629
-0.320683371263
-0.755209454381
0.197139544019
-0.0169327772759
-0.208455927865
0.757155164441
-0.864464886807
-0.405848868973
0.380160416057
-0.807812787207
1.38106991952
0.706846324809
-0.246981220378
0.566165548107
-0.404412465074
1.11773497865
-0.583721310225
0.558968259029
-0.0432862032153
0.13117793853
0.457400479588
-0.731092618373
0.248446946496
-0.784834268224
-0.860410836591
0.136271530123
-0.317530000663
-0.471975614674
-0.689637517077
0.0341297527684
-0.0206903887861
-0.391664493951
-0.307536595313
-0.400591189929
0.844934530345
0.142856972204
-0.52330099217
0.772917930861
-0.196448270874
-0.858792272423
0.072394645219
-0.538813786185
0.561705481788
-0.445705002699
0.123223006028
-0.147600186118
-0.586997094493
-1.6297949263
-0.143280591663
0.367845700406
-1.22699311628
-0.649944790987
0.462258148453
-0.105722018553
0.0839885080003
0.134278927776
-0.216659236092
0.259781766872
0.969297418099
0.147932674868
0.258468419926
0.6394235054
0.724469943074
0.318406122685
-0.147282490487
0.273954046426
0.88490277627
-1.01011407746
-0.831959043253
-0.104920938369
-0.809757439406
-0.963106780535
0.127987407267
0.951670223522
-0.446926981006
0.352334391668
0.00653052785556
0.648566247622
-0.769489318685
-0.777209826865
0.942352039229
0.798471231883
0.582060397068
-0.500105213543
-1.52314351987
0.931490707478
-0.122402101569
0.402163020536
0.893609246382
-0.130385083667
0.342047675608
0.644425573663
-0.469550186051
0.565829864572
-0.326377014584
-0.0208528667479
-1.12426350734
0.500212820575
0.697257306426
-0.897986796418
1.05934119968
-0.970069639717
0.316098897911
-0.487193463005
-0.762933530461
-0.777816387739
-0.244353171781
-0.0499799682846
-0.0161854007444
-0.221338769592
1.04474024117
-0.934218085508
0.347553939387
0.20349621149
0.310248224598
-0.332730180786
0.822985507318
0.0368517202211
-0.687821366492
0.0301199384162
-0.434542982495
0.956629050536
0.385449953747
-0.304283726653
-0.159787321371
-0.439298440026
0.0841939409506
0.134595395825
0.413117494873
0.24844069185
-0.496696599215
-0.652725572631
0.395299286652
0.323049521129
-0.551605959943
-0.610465001884
0.117189219249
0.220909074407
0.572282131113
0.0262138024251
0.0670807610038
-0.0261669490133
0.458474183955
-0.0568730382188
-0.467749716126
-0.0926166810501
0.285035541256
0.255581470415
0.770973039033
0.578380804702
-0.710660516102
-0.128517315784
1.29871760044
-0.229015131085
0.0675426917047
0.284926096243
-0.0336248581607
0.492338113082
-0.188328040356
-0.555486315642
-0.443932433423
-0.86182653208
-0.490042309653
0.627667962419
0.615142831894
-1.20484143412
-0.549435385685
-0.578454108814
0.629141581584
-0.369306650013
0.739656179775
0.321837203513
0.146423113025
-0.993821941551
0.521448824013
-0.190171713183
1.33858772401
0.0911331493337
-1.57148714475
-0.71223228132
0.493483220993
-0.363009372724
-1.39433554333
0.102533323549
0.380854227229
0.966639567654
0.193207810637
-0.0979410853111
-1.0365767071
-0.275191461117
-0.0274162402152
-0.191470440564
-0.248153886765
-0.195824494398
0.463358612125
-0.373243224402
-0.726680712875
-0.216832360052
-0.926976291631
-0.398992985433
0.0370652921137
-0.220468527394
-1.22420730145
0.125520679374
-1.22880045081
-1.11491465775
-0.622690422173
-0.159028648833
0.524273346869
0.111325691488
0.179048796681
-0.546577063084
-0.258506226575
-0.0963148737728
-0.00994091088419
-0.52697837075
-0.00492888870572
0.226763397565
-0.313866479753
0.0891521697698
-0.223995086462
-1.26398936312
0.860616637101
-0.744547768694
-0.655195785262
-1.00834956312
1.03134569117
-0.631482997202
0.319504550215
-0.116611862126
0.552658839812
0.0632659354837
-0.98661982135
-0.134227103764
0.461455403974
0.173336971553
0.995701178801
0.273653885242
1.00947200499
-0.0693642150205
-0.39071343945
-0.221077376067
1.15534407293
-1.01512368389
1.23020837941
-0.877949325454
-0.512812831149
-0.00719712435408
-0.0459917869159
0.730625299924
1.67842458493
0.267888438593
-0.0477681136549
-0.717491821009
0.149543599348
-0.0935668458976
0.0994223105524
-0.122366985369
-0.0328925533974
-0.300573011129
-0.666349543835
-0.186114061786
0.14484694283
-0.0360784444656
0.740948937289
2.20439533824
0.15908282829
-0.493800283811
0.148740166727
0.790870575255
-0.016817682506
-0.545496402461
0.240151617213
0.134866886865
0.553330222266
-0.125620721018
-0.857488222106
0.459439490285
0.673717627278
0.57009838605
0.267549315259
-0.0435140713767
0.277351287166
0.330871360178
-0.379222299554
-0.00871679522422
-1.0164267975
0.989868933741
-0.0339357966302
0.253165579652
-0.628393039216
0.17406956932
-0.54080322176
-1.0536406751
-0.611059068309
-0.0871350769549
0.599872631847
0.439474133755
0.300917865737
0.16983322332
-0.675450496309
1.26681421012
0.699581520589
-0.426820186209
-0.0542443343354
-0.715806810133
0.306286868374
0.232764064496
0.533711062137
0.109829808229
1.56931925528
-0.750856614664
-0.306911388033
-0.947355866131
-0.10333214688
-0.289610759022
-0.284098067268
0.308230357996
0.361334768647
0.552471109561
-0.277950411116
0.520808272715
-0.829361578602
-0.141129247029
0.542502815906
-1.30803417689
-0.652189368353
-0.555287412387
1.03049488516
-0.133696037669
-0.311500110781
0.156528274503
0.698630302341
0.0918159090762
0.30144946291
-0.614955777142
-0.54526443718
0.518328381524
-0.285264583051
-0.757820574423
1.10250866323
-0.169572442687
0.454257966008
0.151432631024
0.27454790845
-1.09282611968
0.731640305367
-0.448593334213
-0.23708327804
0.722574691359
-0.204277893155
-0.750385258928
-0.721257202942
0.400214186721
0.160889000613
-0.0109763271913
-0.117502014459
0.281457868645
0.106416989328
0.194639123436
0.521576351471
0.290216391356
0.539979852212
0.370557371776
0.869245595627
-0.23793657988
0.604829722603
0.0295338972619
0.552965372871
-0.261555484878
0.520115021683
-0.333124016147
1.35275431273
0.587277038016
2.14542332535
-0.732628650243
-0.107366953329
-1.09556514725
-0.34752098936
0.430245320002
0.516908657353
0.389006259684
-1.03144904017
0.541693312274
0.0493001056558
-0.540950729594
0.0689262263762
0.424787432125
0.483685182789
1.37322113396
-1.32948109349
1.11244317538
-0.844319148116
-1.51174639569
0.573581819591
-1.03051750423
-0.115329848261
0.28495609
-0.0409020839102
0.346348430163
0.459802181514
0.437133954351
-0.0243587909814
0.16763938384
0.0989951850635
-0.339155140919
0.825798309246
-0.568235068798
0.515661020536
0.00565329848264
0.519110101765
0.437496385695
-1.02860139011
-0.0206355385451
1.08742521508
-1.2355399995
-1.20843383258
0.306644698585
-0.435891074587
0.186325952019
0.203633009918
0.472712721569
-0.0759302186596
-0.207066415214
-0.100808786024
0.195525501513
-0.67392027308
-0.0507523897195
-0.436341850385
-1.41582852463
0.97589531801
-0.5899233416
0.666739270544
-1.04806685124
-0.318755085031
-0.829889090233
-0.167950234838
0.784770537112
0.722258039619
0.752144966397
0.272429788245
-0.233495809373
-0.303550854226
-0.440908775792
-0.00353624545809
-0.537150945951
0.047462842297
0.774141733525
-0.355939155489
0.400048832261
-0.81498379444
-0.627396539753
0.326745600673
0.259783253816
0.414158071412
0.526199622321
0.836104567291
1.13495410439
0.411782716464
0.475852795432
-0.759175317013
-0.0918954719763
-0.396962458341
0.527854561161
0.432004322182
0.250229820423
0.357607620103
-1.00744590596
-0.0638794015165
-1.03407301577
0.444419440273
-0.63859382751
-0.590456311934
0.0233347339672
-0.93932250763
0.0462171431128
-0.597911587662
-0.3457536024
0.423351125788
-0.451710515327
1.32554919458
0.471115365314
-0.507645698235
-0.908513565755
1.02402766496
1.22024091702
-0.916194301452
1.41865281774
0.533875661992
0.398575968284
0.543142793352
-0.649734956203
0.0500787737069
0.211746815191
-0.0993455891156
0.560119366407
-0.798531079219
0.464095800184
0.495913397147
-0.17729305795
-0.00587463881641
-0.517568533295
-0.333984449658
-0.246551911185
-0.00862167832763
0.125000124829
-0.508900784219
1.04629767497
0.610709787564
-0.33088329081
-0.622203429099
0.0851663551799
0.847580951776
-0.900113240997
0.164992840434
-0.35409257437
0.495286624928
1.28632876803
-0.330607918662
0.569206466129
-0.480319644419
0.14876969357
-0.680550673229
-0.726603474894
0.325142825781
-0.807367702473
0.210634355702
-0.309469850965
-0.0329779320866
0.318189101027
-0.904153998997
0.260290314157
-0.0677763033615
0.993351046472
-0.0335547591968
-0.261395341109
0.894827171615
-0.923018751462
1.01591675181
-0.0384292591607
0.892710688583
0.441239640907
0.901001538754
-0.87846864898
0.246786488778
-0.00081054051094
-1.26112918368
0.430624440978
0.63196329463
0.473998628722
-0.24957540967
-0.253623682195
0.828208188592
-0.692124972323
0.708278921864
-0.0620685270729
-0.508658418611
0.627652037758
0.704909884719
-0.739790786498
-1.07045987188
0.621529512356
0.84655438044
1.04063053814
-1.03568180476
1.01983375948
0.759291423119
-0.0201013753025
-1.00426184533
-0.81802831256
0.542961467858
1.54785372989
0.343454468298
-0.0669259502168
-0.844554022563
0.70278140959
-0.269419941959
-0.690964676048
0.340107503561
0.37219730908
-0.173945359785
-0.105530476632
0.641666654048
0.926482725543
-0.595937696762
0.382599956476
-0.209059329834
0.818374851337
-0.894283747366
0.308792207164
0.846009262661
0.694183512973
0.387159345307
-0.311695574268
0.54956950263
0.668252399382
-0.530335830668
-0.171364674142
0.212551921523
-0.443840313408
0.352568417629
-0.406676990959
0.307191908231
-0.239537488919
-0.516248057056
0.175042840479
-0.361688741189
0.0318823293466
-0.570268440342
0.252913774394
0.593362191497
0.560972068945
0.135474530171
-0.770979880224
0.296260152863
0.389289748241
-0.714076977539
0.0291944335287
0.97933937589
-0.0438737880019
-0.542145940268
0.506898860914
-0.673400192473
0.0539733945381
-0.369290494106
0.931331591753
-0.779413999598
-0.0683538380932
-0.630416101418
1.00765408987
-0.0826979226486
1.15183777646
-0.13971099147
0.046962439765
0.947687512558
-0.0808371496759
0.387449020716
-0.716442117118
-0.85456104086
0.316548710407
0.405468384474
-0.536369860662
-0.854510562276
0.160141505566
-1.26015842841
0.50019269008
-0.24676929143
0.774163851105
-0.595548982039
-0.367819851661
-0.156704651446
-1.07846022344
1.53753735027
0.0179222904482
0.605432775628
-0.238555317869
-0.250728447752
0.210300247032
-0.0409813203911
0.212528794315
-0.336495943323
0.129435160607
-0.395501062554
0.0462219411338
-0.296396812633
-0.157239069035
-0.549419534128
-0.399874434405
-1.01051168645
-0.0883667073254
-0.748825301305
0.622363544304
0.672531394287
0.00258010779785
-0.951302774719
0.47647612525
-0.0408503230698
-0.509144162518
-0.211332555664
0.605449809505
-0.224126896603
-1.38728751705
-0.114757082987
0.844626259167
-0.18447094505
0.43083631044
0.255079302758
0.416763180814
0.547752470394
-0.622026804658
0.647288375544
-0.272973882865
0.8529341597
-0.840090507973
-0.118599371742
-0.131633795045
0.016955427228
-0.33098393776
0.651865394387
0.116432456178
0.3461673798
0.447429146205
0.705567499197
-0.172182612515
0.613085696758
0.14610484243
0.555358956566
-0.566288959254
0.258447252214
-0.308644344752
0.655409390774
0.16301382741
-0.373457741163
0.548767101101
-0.155636971847
-0.0553432581525
-0.0467599168087
-0.0916660852309
1.01001474197
-0.409365569672
1.08430273854
0.674050929007
-1.15775324625
0.272915442613
1.02778111759
0.26966281913
0.164497695931
0.477505556281
-0.913413470905
0.0814555024259
-0.366979490864
0.71334293695
0.464778827417
0.726397761051
0.219101409092
-0.307147452022
-0.392922616445
-1.18736523517
0.489493923235
-0.156692943236
-0.958946294974
-0.529783540491
0.207165934587
-0.245983147895
0.729440696308
-0.172803189884
-0.583793367734
0.106019548398
0.561541165368
0.616764406507
0.390542900275
0.052175631748
-0.180425810989
-1.52754493964
-0.493433221165
-0.553779457671
0.558995438858
-0.693907463362
-0.0611771468259
-0.35623137004
0.194279676342
0.561922212946
0.56450624847
-0.607010778719
-0.769832488653
-0.571312825243
0.0177215024315
0.133826183443
0.572889360668
-0.938862642724
-0.63056237947
0.101625135506
0.217652140264
0.377961739861
0.276656673665
0.353334749652
-0.0128574157414
0.162829119122
0.359345333362
0.268313648856
0.221124479728
-0.22993259248
-0.0343772409427
0.109612767458
-0.254577831472
0.101543146345
-0.495059179679
0.421402401475
-0.341235034995
0.763333919714
-0.756958788491
0.84107826031
-0.467671379779
-0.287126882985
-1.09392109866
0.127878033048
0.184886887014
-0.16616407371
-0.70655602116
0.176135789373
0.305629108789
0.0905234624827
-0.138218898797
-0.894072041866
0.245894872248
0.48002990469
-1.51604494187
-0.359287384712
0.358607785422
-1.02571149973
-0.19925601493
-1.12520264298
0.630576116385
-0.854391278066
0.240222686049
0.583179434831
-0.102686242427
-0.184879847695
-0.415278061964
0.233404260853
0.471461015662
0.352600953577
0.702346940889
-0.311953781217
-0.200377782909
-0.719287272631
-0.0076963351107
-1.00013721729
-0.511449213439
-0.676627058888
0.0558879235444
-0.259687871837
-0.682836078313
0.0728923321057
-0.24570808149
-0.202568067172
0.0537432408795
-1.20632635697
-0.420734728762
0.0712357396648
0.76802345031
-0.172845269161
1.38909360992
-0.0813571119056
0.116133450082
-0.167722563779
-0.0436545837559
0.231280322586
-0.289975328268
-0.261751632536
0.3935366316
0.990975947828
-0.686685009361
0.856144083149
0.195884767505
-0.399120801377
0.694886030369
0.606102287634
-0.377259190747
-0.990022829897
0.180759898666
-0.495879136273
0.355432787023
0.508403094324
-0.631309445424
-0.410937648397
-0.832472727872
0.878726822621
0.935468619228
0.188784572303
-0.805307579809
-0.572509784646
0.461455830624
-1.34311076681
-0.295124761115
0.551205697737
-0.0357432216783
-0.526047838099
0.142228386462
-1.47419827669
-0.518381420514
0.403902473271
-0.16661483037
-0.284676054151
-0.763080924623
1.17064556335
-0.389649888685
-0.807079935709
0.0791265280047
-1.21882385652
0.183688581972
0.595482968203
0.53181765806
0.623484150586
0.112175046158
0.184859100239
-0.100293732731
0.25831327662
-0.588797366543
0.537954705561
0.327721139238
0.641124962608
0.297411690899
-0.229792566086
0.288633914001
-0.240158994035
-0.225420608964
-0.0686641946835
-0.235631972971
-0.609046353252
-0.0338996391098
0.20844634208
0.518168826717
-0.790193100609
-0.931786111311
-0.334466634409
1.23441106051
0.444092729786
0.421984298943
-1.43705469857
0.261085584708
0.468120133038
1.07578779049
0.962606100029
0.715138231059
0.463698012936
0.697649633908
0.549927259616
0.36399120464
0.470222634008
0.281624939968
-0.712623047284
-0.668638977157
0.716267368543
-0.827280596635
-1.31499197214
1.03854671027
-0.824993919495
-0.344257353335
1.04515892109
-0.467413911207
0.247343201269
0.198033635245
-0.132363373286
0.705249252169
0.0666448050075
-0.700463122173
0.308942827882
1.09795088519
-0.20457549534
0.28559816795
0.560314443105
-0.3029486366
-0.547435600735
0.53909156849
-0.396926266642
-0.669656719868
0.311844373446
0.528428815583
0.591513533288
0.270167485707
-0.755296302367
-0.247619288151
0.309648525494
0.771488714301
-0.315825575492
0.0324322487838
1.30188359956
-0.0714003477086
-0.144407720163
-1.02100302177
-0.228427397295
-0.162725065068
0.899108018388
-0.938781715823
0.798708950806
0.496296650096
0.436652751192
-1.00109725587
-0.206346556886
-0.564734572326
0.467606837938
-0.142098301585
-0.17306969071
0.554310442949
-0.125441447001
0.18072346179
0.120428074617
-0.0796350282427
-0.781263749689
-1.0534577715
-0.49829275608
0.176740727473
0.461683886614
-1.03705085232
0.109626396672
-0.030583970488
0.069606167254
0.761857830516
1.00414814463
-0.473532362368
-0.799978832173
0.0414510934847
-0.101231180441
0.507610585761
-0.449371869681
-0.242982991362
-1.08206542054
0.0210672529646
-0.235743163934
0.504283118965
-0.89219849004
-0.320891613878
0.80511729494
-0.38508505445
0.353107492651
1.14820292006
0.392155665278
0.0415893670384
0.833952399078
-1.41215927423
0.464247694661
-0.00020123302698
-0.351949948358
0.497882023306
1.13781488726
-0.201079773198
0.819753389766
-0.66431460792
0.181685748328
0.0170170794065
-1.23556606762
-0.745781274708
-0.158532843528
0.0635517114109
0.608251108998
0.276414865454
-0.260901570601
-0.759231466722
0.498042509837
0.237070982979
0.757205290178
0.144773026421
-0.00133403532974
0.570082270135
0.63786196741
0.528512819984
0.646607315052
-0.0534941571096
0.181733028112
-0.490704875764
0.0488894691256
0.456812552925
0.811720254448
0.165585147066
0.456280528888
0.000716278894171
-0.0402655699144
-0.0484221182015
0.545269865139
-0.538470544448
0.618201044526
0.0348745439343
-0.939385554128
-0.930931839272
-0.449835532048
-0.514934481631
0.421133839078
0.503625356903
-0.689215394579
0.346604699454
0.255165682782
-1.4216732756
-1.01913691444
-1.00376023759
-0.235244393051
-0.602545340702
0.190826692221
0.539436248584
0.291265018405
-0.837282388631
0.120289636631
0.769016366338
-0.2451021208
0.120957635019
0.189972121679
0.286195282612
-0.63236485484
0.231449337122
0.107503866019
-0.326531547852
0.578134462307
0.296556431455
-0.95910117627
0.133000766342
1.06948655178
-0.0624948180713
0.320161724005
0.071754835194
-0.00793160692186
1.12636227379
-0.765929577891
0.039846093336
-0.968628058266
0.30209000523
0.566925076825
-0.178024151556
0.432920109029
-0.467098040871
0.542216079691
-0.188007686867
0.450521676978
-0.186615685239
0.412700202262
-0.937306866382
-0.562586221175
0.631228486763
-0.38390179455
-0.260516551249
0.0295605634223
0.551362387802
0.128138784535
0.206930700973
-0.44547085323
1.23926105057
0.128813115968
-0.0295307458704
-0.271240508604
-0.141578946597
0.233961601768
-0.570948554951
1.84457466975
-0.160091178581
0.236550726677
0.238091251398
0.618101630638
0.64778590497
0.263243578694
0.271460201137
0.10855344046
-0.956667957171
-0.38063346081
0.126914312679
-0.443086753256
-1.05964137834
0.853913972769
-0.0951991509973
0.527988543143
-0.386440694123
-0.624621971003
-0.106336159408
0.0246501319834
0.736981760965
-0.143958529249
-0.108295158121
0.159647059723
-0.595994487927
0.133604788659
-0.902825577497
0.253530252656
0.255604692062
0.556468103037
-0.22560846211
-0.287660365488
-0.586488436128
-0.144071965794
0.423065726876
-0.119903851367
-0.236487867901
0.23849887649
0.959674401452
0.46950927026
-0.92191199035
-0.35964184902
-0.614624267534
-1.2421101242
-0.302835527976
-1.0457616989
-0.141075620169
0.20553225818
1.2525700103
0.0954697158162
1.04099923809
1.32609592419
0.211543565826
0.812652014483
1.07570124529
-0.438755658458
0.437375342122
-0.145902754423
-0.496619519878
-0.412153721628
0.470184934927
0.319257788652
-0.5050104531
-0.00741114045839
-0.449470579431
0.860892678898
-0.0697564357699
0.502122929711
0.228111920285
-0.325402846497
-0.0226591727108
-0.119527415874
-0.223735058012
0.427678603905
1.01320159254
0.206710722622
0.060823014741
-0.729038018712
-1.34954787924
0.06177726003
0.0837564835691
0.773850849131
0.159061933614
0.557511683362
-0.359302817698
-0.137240333513
-0.58583915106
-0.47630742925
0.5077114622
0.996673090779
0.577022253594
-0.519896193959
0.883684762296
0.0194571426919
0.454551813393
-0.466292589443
0.183027592379
-1.21132751592
0.0404092441277
0.090705580307
-0.755863019428
0.779024801407
0.495292155449
0.568218467075
-0.124569591802
-0.466668112677
-0.262109377657
0.652718253426
-0.773966364326
-1.09285054184
-0.25814940553
-0.117132598244
0.0985695558416
-1.40622502252
-0.288600225047
-0.0322542516772
0.607183764859
0.552897028075
-0.871427598816
-0.174998966301
-0.503396225186
0.543605969726
-0.566426274632
-0.661027525384
0.448082195254
0.505580477044
-0.847513003906
-0.251578247524
-0.173364875035
0.503641440402
-0.634237253985
-0.551652349695
0.00979692852588
0.501476137472
-1.57792492921
0.210939604959
-0.147629035837
-1.15412970926
0.569643865376
0.454935006825
0.443831009051
0.645858663958
-0.349777789695
-1.11702260955
-0.731544953437
-0.0455682761876
0.402062957082
-0.432924472376
-0.633340982708
-0.166565181502
0.2389851657
0.483479132797
-0.334365871341
-0.552524725992
0.255543638245
0.762831213604
-0.181313690558
-0.523390831131
0.683869724368
-0.280788866364
-0.554107469609
0.168079163153
0.314404550535
-1.05100195035
0.650102571255
0.067275273013
-0.946757646391
-1.49783857772
0.91390611042
0.478108649339
-0.827398846218
0.19515712025
0.534560886629
-0.860193227446
-0.898890628615
0.0376598087579
0.286964160177
-0.860078432523
0.0120237950704
-0.993773660504
0.218310434205
0.204279158845
0.23042665897
1.45245820083
-0.465641233266
0.27354812316
0.353175072323
-0.193889581236
0.0454485477206
0.163486708676
0.0342514389725
0.489230707961
0.522676511624
-0.588575225499
-0.653338134645
-0.0292967717221
0.853842741269
0.642516175315
-0.207049258273
-1.0455348401
0.431363035583
-0.135611046158
-0.437156030954
0.364351668932
-0.52311216213
0.820399913116
-0.504326371862
0.292258670408
0.235860063254
0.0974089285016
-0.956434040316
0.441551110887
0.119766393184
0.940190698964
-0.091693327202
-0.361984959992
0.485239401496
0.403224731816
0.322050218039
-0.261877861505
-0.705729206369
-0.171412083088
-0.0713296596945
0.0107533318986
0.139516690943
0.375693383589
0.0141758868577
0.308769980331
0.687492686662
0.166090646809
0.019810837278
-0.534814224102
0.0577026301884
-0.222741539173
-0.827275526068
0.392901734474
-0.63897745575
0.644060754152
-0.755897182678
0.88894931664
0.832993569559
0.485543443444
-0.660479308278
-0.279877140899
-0.58635756304
-0.583063782236
-0.826558860804
-0.390767390347
-0.0626014395896
-0.252874594831
-0.135034634096
-0.724489154693
-1.05862237713
0.0323003048663
-0.0988558823097
0.239722168038
-0.192279298003
-0.470300196584
-0.5719406825
-1.15536033055
-0.896403105627
-0.714904436322
-0.774353297015
1.33908915664
0.34115678443
-0.264256907072
-0.62738265041
-0.436170345783
-0.92329013291
-0.407705757437
-0.614542636337
-0.13193508739
0.374964897572
-0.0955825490121
-0.0528336158599
-0.60627554048
-0.189084916924
0.783479282699
-0.834905582764
-0.237568427614
-0.514100871903
-0.38349690484
-0.894942709884
-0.480454830343
0.644768187867
-0.657122196678
-1.1646935956
0.94726462811
-0.533463639197
0.458086495109
-0.497574352147
0.0950169928127
-0.563497159167
-0.784548598072
-0.292595296561
0.0118163329986
0.211386459228
0.351970921618
-0.777067674202
-0.814070608299
0.372615452919
-0.149369070825
-0.400075303647
0.209640159255
-0.327435823017
0.116186784418
-0.0388712648392
0.189204589521
-0.069383587919
-0.151807756232
0.440278489858
-0.38365829955
-0.49611927331
0.598056141997
0.0746591744909
-0.418387789475
-1.40865054173
-0.815410932987
1.26630438242
-0.497671828537
-0.567124771304
0.626270979186
0.201472062143
1.25529769834
-0.0274041753022
0.497522660482
-0.0339098353132
-0.846356102395
0.843141494183
1.1210409847
0.226827891222
-1.05005945606
-0.779514888084
-0.568889557518
-1.38527398604
0.310105641801
-0.341809615409
0.992124654998
1.26953230708
-0.110896076626
-0.372405328553
0.0406216714693
-0.0304261118209
-0.174868100789
-0.309917124294
-0.350109898847
-0.772352829725
-0.580856010526
-0.0356036364143
-0.869558641792
-0.683141322546
0.478540974303
-0.434670480055
0.300277918645
0.553581722571
0.275613818647
-0.481559558806
0.547116318994
1.15945375214
-0.0414309473125
0.993497757493
0.0483407166441
-0.476862648011
-0.270169680171
0.385550741997
-0.831147584864
0.0887110170764
1.06921076981
0.564608419957
0.376885708181
0.0242413832287
0.401894596797
-0.783355867109
0.237867539352
0.343303844638
-0.0892231410376
-0.636582438382
-0.493676388564
-0.691422101926
-1.5653384253
-0.205917235037
0.736973720826
0.25296933095
-0.182381786231
-0.751902254479
-0.207507615354
0.729431473719
1.02533737787
-0.757211189203
0.607017777057
0.29138253828
0.895339279728
0.270426311139
0.949195389029
0.160774028972
0.591992132378
0.736593286646
-0.471719665027
0.589602635529
-0.177301228856
0.0709282060241
0.0814675467489
0.520836527725
-1.00366155159
0.0821762658801
0.530940878015
0.0772436661636
0.359216453377
-0.5571188786
0.143585714903
0.119137969073
-0.0127128303221
-0.18862284935
0.846164922271
-0.760337939812
0.626187174794
0.189954932451
0.22564696129
0.448208785651
-0.955536037027
-0.310376097561
-1.1997103508
-0.184612368376
0.0153141070897
0.409337974966
-1.10445900655
0.801920621838
0.0215359007601
-1.91686165498
-0.646024397277
0.79610550079
0.467090264155
0.590652205266
0.367867437019
-0.123518953603
0.426918011929
-0.0304473230328
0.637471762754
-0.847515038826
0.0014534324529
-0.0854978193119
0.356501055862
0.436421366964
-0.59864672314
-0.933596040899
-0.11216715144
-0.931752457824
0.256917985749
0.502342785796
-0.497417345548
-0.125329446973
-0.0232622302514
-0.397780703204
0.261813670899
-0.0679548086494
-0.648595301757
-0.427525430482
-1.54494615576
0.652217456393
0.996689165759
-0.940630426389
-0.962635051843
-0.60727511152
-0.620221759167
-0.0802590618749
0.379151350415
-0.192400770468
0.445748990848
-0.263798318763
-0.723542297672
-0.220262687977
0.852055894468
0.79389542077
-0.165320454979
0.356610731182
-0.495428450348
-0.937035409284
-0.0817791629684
0.135187486338
-0.0673666257865
-0.557973455983
0.100534686051
-1.29251852391
0.165391049722
-1.02848458366
0.676906087657
-0.460829782058
-0.34164452476
0.576925388719
0.605122353214
-1.17985132137
0.166589724067
0.388168776213
0.221334362377
0.559835771709
0.360641934336
-0.384585144103
-0.517368130321
1.06376303523
1.11591073137
0.48400001007
0.0206647698958
0.392911099033
0.31497374106
-0.765837447282
-0.695941321274
-1.03540911666
0.232731716527
0.780710009589
-0.619744345856
0.280384232001
-0.930156127778
-0.0816514547685
-0.175161744383
0.220834761768
-0.864217880149
-0.675118243556
0.257572938948
-0.257573419447
0.422712338539
0.319636512527
-0.0407857296662
-0.331969959531
1.54861806679
-0.474539892174
0.649492236878
0.2258482505
-0.0430883811045
-0.0172531832548
-0.327204696451
-0.507604723299
-0.616109138115
0.211822512783
-1.08917037174
-0.542024479386
-0.721490616391
-0.157291224986
0.0853872869583
0.356603646558
-0.161443957777
0.1946874229
-0.0527423142397
-0.259076316757
-1.24970371986
-0.662524687912
0.786547200141
-0.425858018802
0.507642352124
-0.823014820637
-0.326064465634
-0.154124971367
-0.419665792524
-0.196554816753
0.122999786997
0.667379198794
-1.50561245107
-1.12033231603
-0.114375208137
-0.709551174681
-0.469013856641
-0.152326435943
-0.676046460804
0.192553381663
0.723858671164
-1.07047696755
0.215978369891
0.238878215794
-0.765120303209
0.608109293596
0.505601883831
-0.433865592746
0.365997695017
-0.0935100069439
-0.451109394435
0.726580253386
0.229495691208
0.709997438058
0.406319784238
0.0126826721311
-0.0944296413603
0.151992108066
0.761833261284
0.61595538516
-0.557850735796
0.164663892126
-0.0109973354742
-0.558197226564
0.101163856502
0.768994339187
-0.463041979565
0.0215512058825
-0.553601498977
-0.617203753813
-0.539680829127
0.164684490225
-0.021988737059
0.0276644809131
-0.424766143682
0.8255043904
-0.254113051316
-0.110213488563
0.410403396112
0.309305651395
-0.213766010163
0.578785042963
-0.102657577282
0.241925243598
0.53491079861
-0.689158581166
0.36343925137
0.237822698629
1.09533866715
0.814441768777
0.874544783202
0.203536560319
-0.392156831355
-0.88789634919
-0.719395769098
0.41738168239
-0.347767211664
-0.610797494958
-0.101513983267
0.181230426696
0.0338151063768
-0.564937387192
-0.0601546470592
-0.460102390562
0.155341920649
0.767231736754
-0.0813245803708
-0.628223934464
-0.596772472043
-0.0304327680913
-0.721484871979
-0.115894478007
0.599062375288
0.889060458977
-1.07480381237
-0.70358899133
0.0890781118257
-0.706420420702
0.759089878325
-0.390612476933
0.621639315975
-0.508954580178
-0.75186894475
0.00235050899674
0.0667752478094
0.0376917029788
0.656149998749
0.138032389061
-0.184657300502
0.275681248206
0.244981634115
0.0259582126404
0.70525594042
-0.416907485691
0.199853329789
0.806665742702
0.660766993688
-0.165335199347
-0.721313268297
-0.245471461098
-0.557790579775
0.358698684287
0.6002529723
0.0790296701942
0.183463456893
-0.355936860242
-0.453401687577
0.694369286385
-0.567951720292
0.701037635445
-0.356098764484
-0.0732090629679
0.375161628329
0.655743906206
0.885204637963
0.55671652309
-0.680178575227
-0.126515422366
-1.08061195197
-0.406684582041
0.322657312177
-0.336818202514
-1.00368589892
0.619044489888
0.712438118046
0.103713128084
-0.119683260261
0.487318441722
-0.334057530662
0.410152713106
-0.371009034969
0.683725902856
-0.280215472025
0.633956909013
0.512663917889
-0.479786355148
-0.192425846307
0.159893228482
1.86734957297
-0.831889913691
-0.714653275493
0.113891387381
0.473624001298
0.881678879201
0.23962015195
-0.331976241988
-0.334005058867
0.674075147914
0.447542545561
-0.233787815529
-0.152007817816
0.51297253439
0.333690214725
0.215016243812
-0.926530199712
0.915591743932
-0.328320249219
0.716817497334
-0.298917789423
-0.329866700376
-0.156210502382
-1.32559838062
-0.00133325891229
0.827683775262
0.383512532635
-0.426271218855
0.719759827973
-1.00012929975
1.745714189
0.169530951901
0.0145187817898
-0.486894119829
-0.11272751258
0.729886685224
0.472962159413
-0.651161311521
-0.476190865195
-0.739271764974
-0.109303921655
0.769568154078
0.0424566815794
0.487378180439
0.139048501044
0.126805500694
-0.622572092141
-0.521446154384
0.632981298367
0.464421457516
0.559945998013
-1.08374159057
0.732973531031
-1.00287104289
0.749131350464
-0.205588688743
-0.0677334757414
0.330111254088
0.953469212426
0.396458130571
-0.743516067419
-0.70711712948
-1.17402921962
-0.0103957713076
1.3263620066
0.480472074846
-0.469924233472
-0.708565863361
0.588329153186
-0.0642911173939
0.406565490391
0.975686702529
0.516010505668
0.265190695292
-0.144894413899
-0.660378545848
-0.591092881296
0.369927599347
-1.24796886133
-0.27670299964
-0.941021882102
-0.0338364196949
-0.73769770964
-0.131970360621
0.447843824231
-0.549272143067
-0.798893782007
-0.179620984271
0.20241932122
0.229530948994
-0.810094409798
-0.21171950002
-0.296423438499
0.633731546856
-0.83439267321
-0.177255403447
-0.206277370723
0.161847428359
-0.702474026839
1.12654840272
-0.0369007708473
-0.322432708716
0.266174237214
-0.19527282527
-0.360464059333
0.295233621356
0.30144317159
-0.321246613308
-0.0792795631747
-0.588612731959
-1.031991329
-0.503057352502
-0.0552995133562
0.87001083673
-0.34275179945
-0.526445030032
-0.248483670205
-0.262065218878
-0.254528490936
0.574305802873
0.0469451193427
0.82950835672
-0.367964010929
0.92462907848
0.203732009431
-0.638101161907
0.518297692411
-0.789504130644
-0.678080224499
0.744726385905
0.954656709448
0.510248807111
0.0239362169856
0.635723696119
0.0290958378692
-0.0797923063455
0.420139926921
-0.374629908781
-0.120377494697
0.360385700228
-0.31164027616
-0.828882104642
0.392465667024
-0.792047701238
-0.360012768624
-0.509746755499
-0.475338534489
0.175775012578
-0.312993271174
1.33957076756
0.857402578037
-0.475746318146
0.847197107226
0.244514666474
-0.705316596468
0.38871400386
-0.481866921215
-0.137205171022
0.0573019223261
0.727603132011
-0.100686550957
0.0656559082966
-0.622486112231
0.675837403963
0.571388884322
0.0318751696939
-0.267860082718
0.0821813549755
-0.206332953035
0.932003636173
0.558128917103
-0.0449885937583
0.291820155273
0.119262863688
1.31849389632
-1.21528230253
1.08169243671
-0.123813472104
0.057266425817
-0.979400139032
0.103898074716
-0.247349750865
-0.517683599116
1.05416524001
0.141002343486
0.149352153729
-0.394504523761
-0.659162442181
0.259614923178
0.739962043985
0.0852046800345
0.509863654682
0.885353238863
0.145557701225
0.448707858721
0.302363729168
0.436599173837
-0.201680487725
0.0275907408799
0.0459781582843
-0.478939497036
-1.1326472632
-0.308559837922
0.121851796643
-0.00502371180848
0.0964069299132
-0.585706064983
-1.08360617942
-0.647334815534
-0.346501248464
0.317061687853
0.517354446347
-0.137714939042
-0.795486811273
0.0580693746971
-0.649904505997
0.22510522303
0.745456317225
-0.0453218875837
0.0372566266392
-0.692023745355
0.872158732432
-1.00346314881
0.161571271233
-0.1202884709
-0.418325063558
0.276777385771
-0.905638380188
-0.153461759846
0.714010785527
0.364267417055
-1.13757097444
0.258881943895
0.39979037658
-1.13166373466
0.0439664234464
0.26980247838
0.0320049496963
-0.549824154961
-0.236500586198
0.714978937228
0.239954522609
0.690795473178
-0.312084661172
0.357124362124
-0.0317381953059
0.284273229238
-0.322506982988
-0.310962937252
0.305809540721
0.0945318688826
0.633503044699
1.18820402753
-0.192260132748
0.445527166501
0.836897744006
0.62993652087
0.585916060493
-0.455824760208
-0.720039383903
0.350603627508
-0.0233833643596
0.226637835526
0.106242098768
1.1292488328
0.620584640557
-0.135057315139
0.452741309811
-0.262921528495
0.218136311639
-1.23036414617
-0.810109393321
-0.29504246589
-0.59352262491
1.03827546234
-1.04534062108
0.0424020438074
-0.641636167267
0.0623241428634
0.652260045106
0.741295071304
0.505047801644
-0.19279289059
0.396803719702
0.628120237162
-0.120251406348
-0.358575923185
0.10157803883
0.0679346141363
0.506601631945
-0.362545997332
-1.59581150669
0.722848784321
0.764748569676
0.481016634206
0.0750536393205
0.610916544564
0.453907167179
0.0238233119318
-0.242060897177
-0.564642397825
0.650527344749
-0.124626119628
-0.185598006425
0.112222304582
-0.496501592614
-0.312679554098
-0.601382465472
1.06711836129
0.236722405936
-0.878530679073
0.44432497647
0.211055680543
0.0210614551895
0.904536549019
0.636543670009
0.0879957132994
0.0479929184566
1.34605862768
-0.953064864701
0.607528579341
-0.983395758451
-0.404499184203
-0.664499499374
-0.737937827991
0.230713424109
0.259085854566
0.0114959362391
-0.117228622784
-1.14623643909
0.10826480504
0.0717531315673
0.806836958194
-0.268829755251
0.238166493562
0.965712853732
-0.759955472103
0.829009489588
0.321882723025
-0.566325994176
-0.0469482878952
0.463509917202
0.678937237034
-0.342045516146
0.0998517294195
-0.70344258583
0.362502905714
-0.679683142038
1.04805409328
0.616655232551
0.482551006994
-0.890328036874
-1.60430627027
-0.176629680618
0.117507456119
-0.991810358442
-0.325161183984
0.801483140047
0.015957095356
0.33585728694
-0.0542682154906
0.327735531226
0.561108590578
-0.0300332183307
1.2760549908
0.329387955103
-0.16311808938
-0.342271485559
0.625057482167
0.359433315064
1.08553077749
0.939562159471
-0.70572413975
-0.763200044254
-0.191017704457
-0.854998541118
0.417556341778
0.706779766692
0.528168364523
-0.178938886751
0.522388842953
0.0680567809561
0.574511527119
-1.13465590111
0.303317005217
0.287192944419
-0.513695932862
0.544884002083
-0.440414765734
-0.95551030363
-0.534349473893
0.957964736668
0.321340996957
0.819550822548
0.896025223942
0.1519735322
-1.12487673254
0.685573911764
0.874022231817
-0.703090942803
-0.0781993385592
-0.500385618133
-1.07834705659
-0.238396798445
-0.160470022129
-0.509426475668
-0.146198646896
0.250281288431
-0.973202856675
-1.21623513076
-0.0881894634974
0.394580459724
0.530492440576
0.224834079718
-0.494897485048
0.269835702353
0.624201769503
0.842001021834
-0.0319752166984
0.940145489679
0.343501193095
0.0939660466876
0.568304944524
1.03798297426
-0.341361240828
-0.195167983526
0.254938001979
0.514857808071
0.935469612703
0.192773748306
0.0262518832473
0.857768953806
-0.775685215319
0.935401044399
-0.0343508621482
-0.495127455266
-0.084679307338
0.803786260874
0.253101797335
-0.139100364873
-0.568935568303
0.430173192625
-0.304782701791
-0.184954631729
-0.514784192807
-0.326023847693
-0.547153581545
0.0999216747759
-0.375073368807
-0.326746378982
-0.0360384641261
-0.352088488006
0.600959970921
-0.0151819859094
-0.510472084046
0.608220851569
-0.299024041427
0.580180981514
-0.847745806845
0.469885702549
0.374785804213
0.256033310786
0.23389961449
-0.0269957300731
-0.657019789335
-0.0103298471715
-0.21183754118
1.43534498787
-1.11201973555
-0.480167175173
0.977317073801
-0.306150778662
0.523590648787
0.553920958316
0.0210522465907
0.359910568831
-1.04068921147
-0.860354802472
-0.589041430441
-0.310335437309
-0.568248177077
0.73038438237
0.54343643069
0.459835172
0.576898438174
-0.770003004107
-0.503026622369
0.242660623265
0.0343278395469
-0.287903599255
1.14358116885
-0.416841591076
-0.432960382622
-0.921997989062
0.0745098777343
0.85833240682
0.739058229034
1.16423819755
0.481863286205
0.686587963962
-1.37605355349
0.00401178129721
0.529563722684
1.24869111095
-0.547370213725
0.326463366198
-0.0269668462677
0.192672989526
-0.0716384762694
-0.4509465777
0.948277856681
0.327543093749
-0.238240959882
-0.495269463561
-0.127202686126
-0.202294469888
0.398669649791
0.589896727245
-0.638338334263
-0.0893568886753
0.33119095505
0.732280896151
-0.00755015760194
-1.11415862669
-0.953187657081
0.133768741157
0.94647169052
0.442913715595
-0.85529600841
-1.14180986012
-0.0666486486355
-0.157061419395
0.480504389698
1.3019066073
-0.615794925291
-0.133941958756
0.327151173113
0.191305329402
0.0988824185107
-0.0896456144029
-0.0717202620903
-0.144770369784
0.0113810679198
-0.773015313095
0.282391670994
0.0554720514218
-0.270931829315
-0.89468611629
-0.530200725696
0.454195880251
0.0695918497098
0.157885091551
-0.473583336231
-0.100541067657
-0.066000775074
0.651368506127
-0.658530443468
-0.0898122755324
-0.287330597718
-0.547700556639
-1.10037585322
0.23620473178
-0.867972356153
-0.65895722913
0.1516973244
-0.128934129643
0.222765155843
0.633885247678
0.297785389108
-0.274198294981
0.37408612279
-1.20610551372
0.791612271833
0.0882892084341
-0.881327268446
-0.926162021396
0.838323599213
0.947530942294
-1.04548415885
-0.30505142833
-0.050564313031
-0.607744816861
0.632390053919
0.60694774095
-0.195397500106
0.401594819897
-0.0555966087547
-0.529991010255
0.743027033564
0.648437876636
0.591216253073
-0.471908083617
0.126298649122
0.653761097395
-0.105985599798
-1.06210541771
-0.172993212985
0.410090178682
0.273974096947
-0.0869904075463
0.635499408417
-1.04383124215
0.501195548741
-0.60434979238
-1.14809979422
-0.871332197437
-0.104152773658
-0.0851562490099
0.238143240507
-0.122125214825
-0.373795270783
-0.377598233014
0.497276427006
0.62237315916
0.698767835598
-0.272266552302
0.217898805874
-0.083913712604
0.415971220471
-0.62208050986
0.0496108726646
1.01057736501
-0.266415845914
1.74596065293
0.929059142299
0.617704159397
-0.229743101969
0.0841485379569
-0.028875718568
-0.879258217726
0.0760064790207
0.0700848462381
-0.701418769352
-0.0508198881834
-0.3760263538
0.119429399602
2.22058292488
0.352284818604
0.0335599474276
1.34453651831
-0.0233053754324
-0.6526854759
0.0472982145446
-0.955362701279
0.899360998445
0.27264237109
1.35432846309
0.47879111162
-0.837261198442
-0.557134005346
0.000792329247131
0.733121357851
-0.0686223408916
-0.164819848683
0.113539920344
-0.260488711192
0.0955206549362
-0.178555638831
-0.593978677958
-0.531288192759
0.584044642079
-0.398352446005
0.20346858585
-0.449918005473
-0.106109791227
0.351185788775
-0.414378930597
-0.623697209911
-0.434980506988
0.165554362497
-0.732284772966
-0.239931645127
0.177484114072
0.244179323547
1.13497060521
-0.326159202874
-0.698980874135
-0.66436857909
-0.711239543717
0.288339348732
0.456373715171
-1.07206539374
0.0990591073544
-0.790592046201
-0.675349180988
-0.226710874414
0.607041497877
0.713468165189
-0.437200747329
-0.599068312837
0.241800415106
0.966544845158
0.653497014799
0.776805527711
-0.749882314577
0.301558590808
0.623225693948
-0.3152882569
0.227264061757
0.245826778122
-0.312179822025
0.391925539094
-0.1234367689
0.869402339131
-0.4235777332
-0.597704720728
0.0440399845015
0.587838986539
-0.490204328788
0.322705615632
-0.0447654804458
0.672783226426
-0.1802851058
-0.813980447184
0.192239367215
0.351280452903
-0.0451717011012
-0.252137730856
-0.718227205089
-1.0478695527
0.5459276557
-0.277002819674
-0.535195708218
-0.533174149422
-0.483979252784
0.754837531266
-0.185928832136
-0.429748652203
-0.432537077161
0.613355481147
0.0782382283335
1.26403341259
-1.54478529219
-0.540540694558
0.0886399058566
0.34096419633
0.752391233454
-0.207609547501
-0.171640087213
0.110767435257
-1.02525746113
0.791522766854
-0.376707744436
-0.831934681289
0.461422801335
0.214649666006
0.357550210162
0.343727240381
-0.36303600118
0.28762788262
-0.41486850642
-0.519640553537
0.000785104337065
0.695562599541
0.179696272257
0.0627280959213
-0.680147875533
-0.0386447731951
0.218216621362
-0.45400968952
0.644182121258
-0.116842185397
-0.985780745724
-1.02324163257
0.0883541488711
-0.0718021732195
0.741623036457
-0.787650602143
-0.377213929951
0.493021212445
-0.408199224161
3.18051147125e-06
-0.989312479243
1.1170261066
-1.71461954218
-1.14267696075
0.103615150542
-0.156624579752
-1.2617421482
0.24050483846
-0.263772350157
0.509153857354
0.494938814821
0.544179967699
-0.0210722195215
1.21325380033
0.822786527358
1.03321105663
-0.399230734657
0.0213802521628
0.0466549082675
0.257903692202
-0.22742181823
-0.191197246209
0.16588311643
0.134181469496
-0.522636773153
0.361488254677
-0.184299489255
0.18402450713
0.600203662424
-0.550261918581
0.52197472141
0.144562733911
0.117747257343
0.237694655359
-0.113942654343
-0.0327770062139
-0.0131712012716
-0.118533077463
-0.73895237418
-0.0508706527444
-0.635845066699
-0.800698380858
-1.08619232103
-0.484712643339
-1.02373294765
-0.0726657064891
0.237686186554
0.491414850284
-1.62938641601
0.415086982163
-0.107108992972
0.186245069558
0.48906873439
-0.127743004924
0.157085655156
0.261764558726
-0.0823341609038
-0.139945581029
-0.354194970489
-0.261414275929
-0.651345129698
0.0307214539984
1.52380203324
-1.33124946474
0.666644928827
0.394490189815
-0.0336717435838
-0.50535508681
-0.657893694545
0.913810009538
0.0406916758488
-0.609711628723
-0.0990591980513
0.112910485821
-0.141856854052
0.344528707331
-0.223316029609
-0.425095355316
-0.476349036455
0.0436512001692
-0.44728572146
-0.269495573917
0.157419451065
-0.389391113865
-0.402568810205
-0.267896843705
-0.409538496417
-0.0131627561791
0.789309236186
0.628541694298
-0.432748906138
0.352762947903
0.0709273045235
0.267601534149
-1.09779572767
-0.537054063125
0.127918518646
-0.126576313578
0.756968314167
0.0627996512819
0.173854927872
-0.234242779631
0.183899702552
1.05018005879
1.07871999402
0.474741933448
0.401770791031
-0.621107236758
0.0774354426543
-1.19907805814
0.533548215507
-0.0159875744899
-0.373341542143
0.259563876443
0.0228635523882
0.301089005418
-0.0957799582016
-0.757054982245
-0.0212386462554
-0.111376488442
-1.02064063811
-1.19523116099
-0.553602111582
-1.51062444883
0.0810160496857
-0.45995297009
1.04069426283
0.303883422675
-0.372901006479
-0.0321961445898
0.38369981623
-0.718582825233
0.995688696227
-0.374398569483
0.378209226422
0.845877961168
0.884938622402
-0.55356330795
-0.94201357493
0.624176465219
0.119630264989
0.51544323907
-0.796589929112
-0.0422570139465
-0.534966456545
0.671220154948
-0.280955117571
-1.08363537165
0.085605539696
-0.518649804755
-0.296971813115
-0.699224462541
-0.986050030463
-0.234575485963
-0.266931910087
0.292591447307
-0.709558099117
-0.760598412854
0.723165365842
-0.102795498803
0.0208710014732
-0.0171014066697
0.566006738873
-0.292816332456
0.889546900159
-0.789846193808
-0.626421535266
0.311878174274
0.171260177627
-0.0141215829375
-0.235237780388
0.0200975998394
0.205949593451
1.10815254126
0.729484168236
-0.0554011147782
0.498532060787
0.581820501415
-1.07595696015
0.15843315565
-0.743047991266
-1.18581448707
0.164935474465
0.592404803096
-0.635276067766
-0.22632900526
-0.0336572139432
0.312059581152
0.264090710999
0.49351043545
0.0585898445034
0.00273808665647
0.154020042768
-0.123496557352
-0.143138407875
-1.03081750635
0.79664442059
1.01122726295
0.531613861686
-0.527558382873
-0.109126513079
-0.188258007572
0.138799659714
-0.213916569137
-0.341939629819
0.0615845074429
0.254099128702
0.485692693575
-0.480151326135
-1.12789032996
-0.73413539267
0.26765641221
-0.57979200602
0.299168041981
-0.46753416807
0.845497118308
0.183239769707
0.362388268173
0.663838480445
0.582452154813
-0.35910950692
0.332654843068
-0.46574509218
-0.506897430291
-0.0137235154447
0.395838067678
0.0285643525919
-0.976699981617
-0.807583957451
-0.504158054761
0.81513974566
-0.204829080361
-0.177878711334
-0.187803861402
0.943509844304
0.242914314556
-0.0875688484355
-0.474936156977
0.677262817487
-1.24180771159
-0.0851465630519
0.23523349816
-0.28806418207
0.595886225259
-0.132392396727
-0.139791246772
0.598312066156
1.22648570388
0.170668784916
-1.26770452248
0.39247551494
0.512961778369
1.00951942438
-0.086233314952
0.585373292188
-0.731268368135
0.455523780563
0.103868473558
-0.0505274012258
-0.0257512423917
-0.689183527713
0.589367167028
-0.173522580871
1.48399439242
-0.451582267092
-0.592886188397
0.220308963506
0.615992036886
0.451795460407
0.962209360642
0.343458267824
0.439365606669
0.515315082328
-0.204817468521
0.14421932342
-0.216125882382
0.0330500809746
-0.484369381102
-0.172744143208
0.454567906021
0.290462882714
0.113384416421
0.0815878195474
-0.211743571312
0.526993836636
-0.898227496325
-0.943065664727
-1.18958332609
-0.35901313776
-1.75965530244
0.0404327020709
-0.528723560671
-0.692870285621
0.228713054958
-0.372494246429
-0.908642234654
-0.773032402229
0.103592953403
-0.47061561553
0.0451988480753
-0.226576054918
-0.665502485448
0.38589341209
-0.524926477935
0.72146496992
1.26639364103
0.422611959499
-0.174773105194
-0.135130278926
0.398688800039
-0.0389212048327
0.642476538716
-0.206077194802
1.84970946044
0.232925880174
-0.25178931744
-0.633104546234
-0.529823120333
-0.991192771962
0.949768173949
-0.626002804636
0.280766907206
0.13813077619
0.111340887876
-0.0156534646141
0.145935684431
-1.08114436434
-0.480421764731
0.608527355166
0.968263144888
0.123558775294
-0.197634858723
0.16099468623
-0.155894076364
-0.341316795253
0.949234808648
-0.301690755258
-0.353170030946
-0.503596252714
0.698377645484
0.158918134689
0.330452090946
-0.5976677663
1.15914233199
0.416679727522
0.199300254726
1.27915570691
-0.15454922375
-1.10105160976
0.574544715267
-1.1591653278
0.42713285879
0.483987773295
-0.662737783824
0.808013855284
0.826893957817
0.0217588844033
0.37809888029
-0.844043517211
-0.371034685495
0.385701726912
0.0521596665136
-0.197791963709
-0.187106764308
-1.03714733381
0.21175938998
-1.02718992074
-1.11685429298
-0.552013262912
0.281705481933
-0.0775720320165
0.532364733658
-0.567340665075
-0.62469539795
0.454216930219
-0.613541101324
-0.525943167712
0.48055221074
-0.466661164721
-0.317266149062
-0.15968518543
0.0692104715977
0.294432539714
-0.452483049607
-0.900457889548
1.8439332427
-0.150986405399
0.509119524575
0.142945434984
-0.461786416436
-0.219000197861
0.44907489413
0.428134822773
0.695589556894
-0.83260017181
-0.817741422266
0.283029408825
-1.01988120972
-0.54143787323
0.0652564758181
-0.454616662666
0.301419441345
-0.983825698434
-1.4280844143
-0.119994389438
0.409535485763
0.851382924127
0.277568158123
-0.00726066412127
0.0609025490403
0.859066582417
0.3311058853
-0.620032903189
0.479881421224
1.34573338827
-0.613022693007
0.00501051758763
0.413502893376
0.388392312971
-0.674935291112
-0.415778961129
0.753538531743
-0.396483798342
-0.537930480531
-0.793728864975
0.467338231257
0.185407959616
-0.323767681806
-0.762614650665
-0.490304713253
0.452592251882
-1.12507195459
0.705760471719
-0.0879219693813
0.433910085161
0.231293624524
-0.262615879468
-0.797046069794
-0.4820292682
0.625278292473
-0.739677266059
-0.218634452194
0.154295715624
-0.255641629297
0.552097039017
-0.108525416516
-0.3358698087
0.410273068602
0.265830635674
0.253133705673
0.0523404072802
0.40051434038
0.626872331918
-0.179174350982
-0.814672183767
-0.566529224127
-0.203511315818
0.498927605781
0.469551405309
-0.118421882043
0.205930545654
-0.566301712762
0.619359911966
-0.0795660570098
0.447599480438
0.554871761427
0.817411428617
-1.16084209923
-0.201528089455
0.794615333868
0.61162166506
0.687372995686
-0.452876324009
0.538260673378
0.246022457528
-0.48006558312
0.0846918534098
0.753551293552
0.274465635217
0.185993898739
-0.387092916138
-0.952462504042
-1.05730544943
1.10455174531
-1.60720904407
-0.188504288822
0.548404314866
0.200103365876
0.383181674253
0.936353355707
-0.39839953312
0.0890441292628
-0.598645181665
-0.410457622097
-0.321940806719
-0.400756542894
0.139128046439
0.430320517144
-0.191894404399
-0.206772459493
0.235966991358
0.859364467411
0.431595163646
0.413121061813
-0.0117654640963
1.17579173305
0.202393066245
-0.522258956937
0.270665286655
-1.13964670467
-0.778131040976
0.0172777519898
0.230692943101
-0.457915370797
-0.412867555742
-0.154846882129
-0.242009753226
-0.37425517748
0.171897634551
0.931637189975
0.0325319139773
-0.807078786383
-0.842837370371
-0.408364179433
-0.132756156329
-0.15849136857
0.438581280868
0.271797367421
0.611175433655
0.39958136608
0.553851686116
-0.65144952294
-0.710257123034
0.362934872846
0.757299314227
0.126523656776
0.694861902936
-1.09792378768
-0.31084264437
-0.173164716823
1.09632253734
-0.613784087443
0.109721428888
-0.189856698539
-0.939844524802
0.0767578667391
-0.579090240243
-0.68800124216
0.837197377648
0.355213127728
0.371755113014
0.187137382255
-0.275990977613
-0.452124273265
-0.610789983437
1.58926810063
-0.263295137938
0.521656985785
0.206255073402
-0.701179078133
0.513495212057
0.625298439793
-0.501653674597
0.413799182297
0.899719228109
-0.972287513804
-0.544038091734
0.230610955888
-1.63537140198
-0.0948276614567
-0.376216528438
0.616173480494
0.993091176318
-0.00781630792097
0.848568882638
0.458771129844
-0.629974205922
0.124412690054
-0.0459267759931
-0.513777124157
-0.799619428316
0.701888122896
-0.118969126882
-0.182517947405
0.181464084013
-0.0567336922024
0.217561810433
-0.314622447108
-0.948244151287
-0.185706628167
0.32598054459
0.269816429864
-0.556422216351
0.330777622918
0.131797720974
0.489116566166
-0.0878498354534
0.130499747796
1.0557361831
-0.0394890470958
0.15228457702
-0.14574940264
0.651213674912
0.239308453218
-0.546874555153
0.405629342642
0.123634723245
-0.112982754186
-0.447368845925
-0.0970754878458
-1.09963359498
-0.420484095686
0.125147162381
-1.4563707476
0.985037232561
0.4030208974
0.561179334879
-0.166059736962
0.324217843153
0.509457382102
0.339353734652
0.037361818775
-0.50238715674
0.700617845857
1.1182510991
0.130635278161
-0.325521840462
-0.474237372756
0.523724219126
-0.474266182898
0.474799325637
-0.326247308202
-0.124509610087
0.252348514378
-0.751434830526
-0.330088402923
-0.103726281075
-0.483933965355
0.0630293614432
0.277408146934
0.238366491073
0.152344573252
0.324482600058
0.153732517013
0.751221814102
-0.289014419872
-0.143032148151
0.798125420502
0.517897149919
-1.05070030933
-0.36789629671
0.228134236134
-0.544533554926
-0.229255531337
-0.949972498725
0.103316335395
0.274335742078
-0.110380450159
-0.0484800912281
-1.24346463572
-0.238621807376
-0.59117913696
-0.0377925175555
-0.636953984058
-0.0169416166913
-0.98498389888
-0.362121308453
-0.0365439071134
-0.0154280563719
0.352843039818
0.215365719553
0.168905936849
0.0760992535058
0.668077507508
0.2659224394
0.557958514544
0.119790218337
0.327943897396
0.497723301437
-0.241525838317
-0.787020855875
0.507933903176
-1.05203583699
-0.359333040978
-0.232265211327
1.51578992497
-0.290168776643
-0.563151000642
0.748419509781
-0.540206808419
0.087884256693
0.412437507261
0.209197127744
-0.10722982611
-0.0409668411903
-0.315494034843
-0.274379968854
-1.08866667421
0.242462782518
0.460504035153
-1.19264438857
-0.536144493213
0.892282799213
-0.00933558131486
0.100201793397
0.580861988743
0.036107578989
-0.307381808151
0.232258281291
0.759685034679
0.641229046156
0.948177220427
0.427229769181
-0.486124527827
-0.731793508773
0.315774478781
1.28094888953
0.36626815214
-0.118907481472
0.290482883139
-0.0615620735634
0.246282637977
-0.615396895375
0.179453363969
0.795994146938
0.125061507344
-0.734445652127
0.488083033619
0.151915102164
0.828018638431
0.39752063273
-0.294470659241
0.17522793831
0.469368568529
0.331152802669
-1.11774115259
-0.0615191038835
-0.191423850174
-0.420657524927
-0.593701402346
-0.152120179556
0.412265708128
-0.079788112606
-0.75802879541
-0.807655650145
0.216846758657
-0.638712710203
0.487292802105
-1.13090629386
0.0995338559716
1.22195927979
0.225519107143
0.618622451258
0.788923877902
0.0964022906373
0.142434513071
-0.679992998659
0.67830379826
0.283561205703
0.799309167629
-0.00452060377423
0.0359666812428
1.21838278119
-0.164105985483
-0.634825097401
0.297129926234
0.485938469321
0.520499228367
0.190031401633
-0.200498846744
-0.883999270067
0.0472249638925
0.132421414027
-0.151223729815
0.0796040078012
-0.340466095259
-0.536328393734
-0.336960460303
-0.404739326305
0.0503075569121
0.313261536264
-0.283383397401
0.0940519256339
-0.0978745354986
0.388025471843
0.358589555721
0.0475566231593
1.05585219573
0.363893144788
-0.613924148868
-0.1738734768
0.866278598146
0.976599436892
0.190988154754
-0.693417143024
-0.00480775963257
-0.409828100681
-0.480680838613
-0.793117809662
-0.254552148599
-0.791463152607
0.440912076748
-0.732023802486
0.461818215524
0.484872518867
-0.20904787654
0.785620801188
-0.657678240519
-0.170069596719
0.820780556432
-0.377640586553
0.510070063392
0.225930284947
0.252881426496
-0.188930763456
1.1090007054
-0.399529752234
0.592351618446
-0.355749776376
-0.540416895385
-0.130215071405
-0.578445109512
-0.56304350684
-0.416043071834
-0.0726694778904
0.0271610338813
-0.680674478358
0.386890763979
-0.0462301901498
-0.402773625408
-0.460849310202
-0.525525959424
-0.836335174238
0.327917251242
0.0501267847136
0.445010106125
0.169627697599
0.0177538378245
-0.946195135363
-0.39193340873
0.0213602328288
0.603996138964
-1.35565184252
-0.0810823930865
0.0598274293491
0.15205263001
1.49663944597
-0.237588223991
-1.35895045464
0.130654817769
0.029461439217
-1.22485592827
0.0348063531353
-0.226337110505
-0.308183198765
-0.406834775703
0.837706518328
0.419900573669
-0.343685428836
0.389015467108
-1.12031566295
-0.0972594511851
-0.496243483884
0.548172802045
0.209658272347
-0.300468322804
-0.604746269139
-0.235275187065
0.351024547549
0.158953261875
-0.777443094012
0.10924958942
-0.879142214858
1.09523804305
0.741555105022
-0.600774302832
-0.731603939678
0.274555582969
0.0366122750578
0.0628857819479
0.76832222806
-0.0235175299029
-0.909567281549
-0.535800325533
0.151670089214
0.4421488558
0.969503461784
0.478872948421
0.443416740733
-0.646228523168
-0.00437416483822
0.0218729908192
-1.09755074961
0.704807653763
-0.399665132882
-1.19421526582
-0.138034777085
-0.209715923007
-0.803590905434
-0.0886808674488
-0.729631462626
-0.744010816322
-0.0675412261144
-0.137932394272
0.311450436231
-1.05219165462
0.230856149115
-0.365269509733
-0.281120282857
0.530721236834
1.14738841885
0.461576768596
0.781033198461
-0.800460784324
0.957368768037
0.609715508392
-0.5553489276
0.0964733994794
0.104475232435
0.742180400002
0.642518315102
-0.374938695348
0.31181712318
-1.01073551831
0.260398930145
-0.0985219704503
-0.296844901487
-0.438552855774
-0.939756203124
-0.0894245315127
-1.00677996713
0.173019150511
-0.863145173907
0.454518658613
0.492911439513
0.29033104921
-0.0551225396034
-0.0315067953116
0.11457856954
-0.184600947118
0.479222926444
-0.585885024054
-0.0662568436356
0.0726760431164
0.877699513106
-0.0244453226889
-0.367348929913
0.226111915714
-0.30546494576
0.751349016819
0.361712904066
0.210850684606
0.358430531037
0.0690582115986
0.856602522235
0.324817207122
-0.433516328987
-0.121436889792
-0.0699959941066
0.514547558123
0.265819491742
-0.250763332962
-0.713650590097
-0.497470047135
-0.176344767002
-0.570893980228
-0.700994807338
1.10715477777
-0.0617618976392
-0.221628035375
0.517198691359
-0.00231992349194
1.00907042667
0.749833268286
0.505534782335
-0.688695658544
-0.641999606955
-0.250156169032
0.840405776985
0.776005111522
0.205950678391
0.383040080376
1.15500051001
-0.201359840908
0.314500721013
0.218147490672
0.0947274231234
-0.110470007388
0.159142041458
0.52712907736
0.530948517523
0.175702114388
-0.396930801342
-0.571798104935
0.471737231043
0.512308620832
0.227152569186
0.310164048508
-0.670734433385
0.929667664055
-0.592165840344
0.586228751814
-0.374167412514
0.0837821750921
-0.796456224363
-0.0778532051012
-0.345362544548
-0.0309977620635
-0.000467061705318
-0.504648780248
0.164431068858
-0.675111835406
0.0849476191423
-0.719655039034
-0.188491084751
-0.117697887303
-0.0240592267685
0.0384888889778
-0.62572378353
0.408643211264
-0.881478214453
-0.91886556813
-0.655453225337
0.81016678393
-0.789422455615
0.243012147418
0.202555048073
-0.740199675403
-0.601357187843
1.46920618822
0.0810793409817
0.315793029182
-0.408773289019
-0.140606410392
-0.316064519986
0.338854222539
-0.162981158531
-0.587999171335
-0.408825630847
0.310467761767
0.648486561715
-0.781513778995
-0.523140386219
0.900482136334
0.383864854358
0.0435034399836
0.333203320073
0.117407033186
-0.0946468535859
-1.09213817297
-0.431526661049
-0.881924068056
-1.05059079674
0.106847159369
-0.171428497543
0.0478858993216
0.639281176453
0.470287295531
0.338983919821
0.698230552598
-0.15460365762
0.798262547673
-0.851407214527
0.134466323031
-0.475821194877
0.164015052173
-0.684923971855
0.458292862596
-0.0629442862475
-0.252212392363
-0.342043970827
-0.00879349515932
-0.921987009605
-0.703105250605
-0.181269681959
-0.314598940256
0.221367809475
-0.537449004506
-0.0488034138113
0.468590040599
0.357593744259
1.40915712317
0.504521682647
0.0816719507521
-0.366654095765
-0.287405385748
0.100666862198
-1.24821237254
-0.426631830471
-0.120012937316
0.584942417308
-0.374768042336
0.634896043788
0.673676084628
0.516369800865
-0.292299487443
-0.0192388369605
0.371467273909
0.257653798432
-0.903658766812
-0.882089400672
0.558841770904
0.584577951189
0.170248495985
0.670606260843
0.170481248234
-0.0664288067847
-1.20756143958
-0.127252378803
0.355520971604
-0.619191285054
1.01766701032
-0.0973961865705
0.0154388847512
-0.0039750136199
-0.286767324987
-0.698276457239
-0.232344853156
0.484574417168
0.144512933145
-0.421678879061
-0.690349229275
-1.16425662678
1.15662676481
-0.539348898331
-1.05204461089
0.253290278481
-0.0956075854982
0.141748322345
-0.24646338845
-0.787603334637
0.037053860227
0.999810927982
-0.143647460739
-0.752267703084
-0.322971984494
-0.557997142201
-0.891206141809
-0.44203498396
-0.150795891165
0.525529413917
0.533262531028
-0.491239648391
0.32648777053
-1.2012750758
0.544803264506
-1.18823548584
-0.192176417213
-0.263934557815
0.40525141881
-0.20049645014
0.95579646523
1.61215701528
-0.321114856791
-0.589373586306
-0.831460900116
0.0574106065491
-1.00005681715
0.112132286273
0.057323899042
-0.306646623751
-0.334672831751
-0.120767846591
-1.04629779159
0.687286541616
0.0728238226948
-0.0668556347466
-0.126841630633
0.57873907225
-0.375514075096
-0.489000903288
-1.060869652
0.395217686735
0.15193540592
-1.04578970029
0.358448381758
-0.237771286652
-0.0458693854765
-0.366951690675
0.584468994033
0.206946319339
0.834160202838
-0.375188082157
-0.896960445217
0.441057073501
-0.119149280052
-1.58716387208
-0.527856533817
0.149522154103
0.898854039499
0.678263447169
0.50355235714
-0.433779598626
0.110880132162
-1.30606851478
0.638008006747
-0.436769436059
-0.552146929903
-0.667564890431
-0.906527521965
-0.161572976363
1.28905684704
-0.355913468901
-0.149250179568
-0.103413631465
-0.573588592475
-1.01686731656
0.60871813738
-0.26140155455
-1.00215404433
0.417258466908
-0.774818484044
0.617993806515
-0.728487303496
-0.436696382592
-0.555426480948
0.263731046871
-0.356618822754
-0.947819443209
0.18845808075
0.63627042959
0.0686111672361
-0.371549369047
-0.503125795472
0.240643711506
-0.372683426879
0.274423143608
0.105114686909
-0.384342757721
0.107535871728
1.18604770944
-0.261465182386
0.592876335084
-0.590816677859
-0.978678961903
0.312614935462
-0.403641569524
0.810249890923
0.406151928297
0.198732329205
-0.274636047866
0.133731232624
-0.423908925513
-0.931477616863
-0.971826496548
-0.289982449691
0.646123335277
-0.606918085874
0.301141990149
0.893919853386
-0.130788581854
-0.786223496208
0.157928880798
0.52341365508
0.0798006404851
0.235895832138
0.552260270093
-0.422051401887
-0.61483779085
0.0509608616547
-0.850910680057
-0.0941859641668
-0.604564028649
-0.128454783862
1.3955442541
-0.521417634509
0.263183127909
-0.0716939856813
1.46179709326
1.25705484056
-0.0519726067469
0.403078747766
1.19862371759
-0.447010406963
-0.146698206947
-0.647227708593
-0.313287428481
-0.962738324146
0.64968489832
1.2934856814
-0.591748313795
-0.0195525136494
0.474339201643
0.231656246274
0.426527475706
-0.67332134774
0.0696707669905
0.662786843619
1.28507056534
0.667550201001
0.124225590512
0.35239419842
-0.929665867525
-0.193289012406
-0.221829268039
-0.394200720456
-0.540192445267
-0.437775176379
0.126684496736
-0.743507494376
0.741527632277
0.454614554975
-0.416490400009
-0.712174017848
0.768026436155
-1.45376663215
-0.168923793245
-0.138142490527
-0.740490441658
0.417861657291
-0.530993626928
0.0410233514104
1.3671875698
-0.622471285795
-0.687030666518
-0.523829552008
-0.162467381935
0.79022778134
0.621405768595
0.121061307787
-0.905095354251
-0.372050133991
0.634149219048
0.0332401226421
-0.303090034579
0.389272496742
-0.20743653279
-0.0915314639287
-0.0267696051185
-0.343298347078
0.0345289667057
0.0682771134758
-0.845196108693
0.397875627357
0.820694105233
0.0969397046912
-0.763261908799
1.23586891461
-1.2157402689
-0.00650850482094
-0.51104147611
-0.753891664535
0.510691909959
0.587231034772
-0.148183750025
0.975000138749
-0.405638076872
0.627043673824
0.122670628274
0.253606586055
-0.816220323679
0.803649735407
0.132154650837
0.682472710871
-0.846696395537
-0.890104127637
1.41195016413
0.00781131596639
-0.722685657419
0.197912512782
0.136117346993
-0.191034020137
-0.319252419912
-0.209338048932
-0.591210449798
0.651799808558
0.130820679213
-0.0123344923209
0.180501468585
0.380786329571
-1.32427631805
-0.703508727247
-0.51435974191
-0.568081232336
-0.485014449215
0.103219557812
0.131197181734
0.601416850205
-1.65447774374
0.0242294612402
0.0596131264134
0.512241857145
-0.41807193137
-0.797865244855
0.912181797476
0.487011749439
0.0281624722945
-0.418025214792
-0.690512136298
0.226330285853
0.248527258625
0.0954571383345
-0.954045732978
0.910376272984
0.34244415359
-0.225786418989
-0.279588965665
-1.07141927104
-1.13046049814
-0.762215668779
0.252287351805
0.52378672583
-0.633462219467
0.591705034574
0.832388720228
-0.623470999609
0.35594745856
-0.564707837262
0.376485604539
0.636816205622
0.0334948481913
-1.109411223
0.884050237396
0.754427371103
0.437327728625
0.0218250694571
-0.482917434719
0.454276961315
0.063463523285
-0.737929770851
-1.54112417304
-0.134664456717
0.148837285046
0.436063450992
-0.312998341375
0.0280537817043
-1.17767398736
0.242765167052
-0.493788827296
0.699459780394
-0.604827051244
-0.733623216649
-0.311747330817
-0.53235738383
0.2407639025
0.303453175198
-1.03054740431
0.26091344331
0.0735424153038
0.143573540781
0.641601526321
-0.463705103675
-0.779451967063
-0.778673126856
0.415151186113
-0.129201564243
0.0504631306093
-0.262904658096
0.318973176787
-0.0395738209085
-0.0314407700577
0.226424051127
-0.723763890797
0.132574860562
0.476957880439
-0.429810967503
-0.911259990153
0.695377773942
-1.24071324933
0.044813602803
-0.490109732662
0.238100339855
0.417055320787
-0.0655790343026
-0.503860131283
0.0282327851228
-0.13252908417
-1.01250055012
-1.08194402129
0.517471984162
-0.491986775615
-0.54880371921
-0.264990426309
0.642119881022
0.701643705889
-0.103270817059
-0.670857228191
-0.36271971214
-0.567348306896
0.864597248289
0.756528716128
-0.936231241858
-0.130764087255
0.799498318072
0.746386364742
-0.297917190007
-0.520326775578
0.0503106664992
0.766712918821
-0.909479969898
-0.528811985365
0.00953457334515
0.177011866416
0.43995769889
0.245087604531
0.386867040314
-0.91647348606
-0.685636892
-0.0452725140824
2.14159271699
0.285476609809
0.606869701628
-0.799037495938
0.244062558044
0.37173261309
-0.353339201258
-0.300238891098
-0.420576277297
0.981620704301
-0.106588132201
0.411119316325
0.00794858713003
0.569930319235
-0.0187865921091
-0.601614600507
-0.0473437092794
0.827392612974
0.256094448446
0.787714355406
-0.477530046407
-0.470541001509
-0.379327603083
-0.0840900799009
-0.753579669124
1.31884087371
0.231561008932
0.35339996006
-0.0879979499958
0.325662280923
0.226317707603
-0.0123079140279
0.837353685704
0.759351039017
-0.72060062722
-0.3355851861
0.112162767275
0.14525934437
0.861617928477
-1.21300906406
-0.664366236978
-0.607912446164
-0.574438106714
0.193903596769
0.621153569688
0.317704055597
-0.664869696038
-0.602222574181
-0.23845938688
-0.825356731057
-1.65365006695
0.450994102029
-0.234621044317
0.128562198681
0.00770581244748
0.0368570934477
-0.658340355898
1.08226690952
0.0510481023797
-0.240475898091
-0.506319213567
-0.0366795131545
-0.436199260106
-0.0965354557537
0.214826777896
-0.51832904244
0.489726841822
-0.445970268961
0.133023095073
-0.0951185352717
0.342207575248
-0.59846254163
-0.698845608099
0.243201532565
-0.503096404257
-0.0221338954961
0.366204393134
0.828376002314
0.149976449576
0.345325948414
-0.256579401644
1.03964995207
0.359968579606
-1.21958989966
0.659713900695
0.309094695069
0.0487860088452
-0.429020225987
-0.320072302465
0.74251675125
1.00362053376
1.41587762157
0.491842358322
-0.522518812158
0.139226147798
0.558450821
0.366825757824
-0.0410897585316
0.0757761851072
0.783071707971
-1.32044785932
0.574798631872
-0.980867822306
-0.834827954731
0.26895523686
-0.312492557433
0.266601898062
0.201911108007
-0.0728222145542
0.190162841382
-0.983536616231
0.960793398423
0.285903768572
-0.19126851482
-0.0344911909323
0.244440868739
-0.599528319383
-0.664522946183
-0.44543568
-0.50454793628
0.00283344937225
0.717821121128
0.100713290662
0.290190422683
0.419527260715
-0.154271757415
1.06731390256
-1.44730264303
0.136898725831
-0.218528341723
0.282814211821
0.659446188193
-0.00747645139888
1.18199052941
0.0893253421149
-0.894157408914
0.926970119317
-0.423663508772
-0.676952651149
-0.921225447647
1.49321242915
0.808375560438
-0.398028676583
-0.198149407963
-0.846263619128
-0.0181892067819
0.132982027774
0.194975552091
0.257351531143
0.368933557257
0.889418681868
-0.166790814022
0.109973656353
-1.09086432828
-0.742062964239
-0.0551499379602
-0.396279553137
0.184380645104
-0.710708629663
-0.919563392158
-0.492526932169
-1.00254280998
0.931859100179
-1.20777587164
1.0396731656
0.185059162363
-0.068131268496
-0.368888158512
0.592577139221
-0.528184200869
0.0298771092364
-0.0154428720015
-0.214266418559
-0.549788152285
0.0723307756748
0.7033306085
-0.0865101406017
-0.216398639595
0.477350076929
0.790763181135
-0.306698760066
-0.0678329879841
-0.370041888351
-0.637333663855
-0.714880787286
0.603086796855
0.593318631463
0.0716664657581
0.0603216231982
-0.515414604604
0.359616948701
1.02673221984
0.125167713837
-0.427570617679
-0.357647102824
-0.429472722506
-0.804384109037
0.336020074703
-0.460518072961
-0.698339315595
0.0108743689647
-0.149072864395
-1.03302887401
0.207164744459
-0.273645052581
0.992244170815
1.00398153127
-1.14984015302
0.182687516724
-0.113259043932
-0.268504348314
0.650871432913
-0.608600468142
0.88224404361
-0.162382721114
-0.0621493845349
0.577380422365
-0.920846388108
-1.42863200291
-0.141903079134
0.280804031424
0.829251172395
-1.28148616651
0.100660421628
-0.470866297706
0.0986905028733
-1.03075616019
-0.583562275178
0.092434979282
-0.293005237302
0.179312677167
0.0716000807524
-1.03339391796
-0.125084206113
-0.435571026812
0.194991893252
0.108081678611
-0.229345285654
-0.854434646895
0.331117679877
1.23147899358
-0.576440296288
0.700437463885
-0.130227214486
0.0488180381085
-0.568479727075
-0.100260935718
-0.0567498533421
0.362197300717
-0.585646482497
-0.399014978548
0.136213475493
-0.395999274716
0.263334626712
1.39829447648
0.15642269206
-1.0423929641
-0.269894998517
-0.399534747978
0.404357773752
-0.170785265466
0.525112723416
0.59681703395
0.0347687652355
-0.98185157905
0.885656074969
-0.24068306543
-0.214613237914
0.308784540888
0.656387246082
0.440538578278
-0.878808149698
1.29782328735
0.327423646895
0.360813463267
-0.509417559323
0.273496808321
-1.15494658045
-0.281376549285
-0.101498764197
0.710678100998
-0.447508485537
0.48277273609
-0.357946478969
-0.421898870651
0.236665046361
0.528166805209
0.369561429682
-0.0199369585259
-0.741165891022
-0.33253717183
-0.724751811722
0.47672520662
0.388809378729
0.300744890714
-0.278484362517
-0.153101136284
-0.0487222063152
-0.65921364636
-0.1984703197
0.74112157692
-1.03680683453
-0.703734489848
0.0575997235544
-0.176422045136
-0.103232160415
-0.492121696994
0.709511503875
-1.34080496737
0.241359632977
0.301066780753
0.547199767488
1.10145271054
0.73266042168
-0.460335214935
-0.258164330638
1.18487385317
0.175858324973
-0.100549622238
0.869801420417
-0.18041800438
0.463048738965
-0.0193864378884
0.71262279785
0.119406385073
1.4823019328
-0.617907866332
0.200056678212
0.487203387045
-0.402987691467
0.108265686602
0.249285630733
-0.73201289825
-0.524953652545
-0.658327413569
-0.445943944226
0.608431136933
-0.0588051227525
-0.050879622702
0.770926395449
-0.958513507299
0.268198188454
0.584962924934
0.425375536699
0.264578100333
-0.446788758033
0.225774276734
-0.150162911111
-0.583456595929
0.443300042817
0.434764815868
0.738665297474
-0.771128933509
-0.064946691439
1.04251413504
0.988205176564
0.444117531029
0.756506991867
-0.423573365713
-0.397615588241
-0.0547337324031
0.659551893629
-0.771881791425
-0.0679903541984
-0.821539870542
-0.523149425689
-0.261626307272
0.0288472787953
0.740215162054
0.289437987108
0.0853074751773
-0.416291560249
0.434009321724
-0.761778203663
-0.543738489636
0.924461705168
0.502938787569
0.377082373331
0.0945477787255
0.603241377341
-0.401269008543
1.06114174176
-0.880165950869
-0.201544471888
-0.462521287522
0.355005247822
0.205632966349
0.585160063568
0.239037866067
-0.0264727305539
0.438099760138
0.613104816143
0.692966232159
-0.45722701319
0.0514468192912
-0.727852201908
1.10351448506
-0.668264286265
-0.492528812065
-0.19738622418
-0.427934113585
-0.929169160931
-1.3347518287
0.848916869827
0.717469508854
0.598841724632
-0.571775608786
0.110619686047
-1.22907474882
-0.424715800231
0.268218283065
1.22941108848
0.114473181302
0.374477739728
-1.22749643653
0.0527476220668
0.478515810722
1.12442416471
-0.921531638751
0.836751692445
-0.855372482283
-0.376796704861
0.835497510527
0.680707132145
-0.979996981063
0.556380686564
0.26682834224
-0.866851699358
-0.269085267396
-0.487277121254
0.139532866774
0.662591479633
-0.0954381191732
-0.200210298692
-0.568705486343
0.55542137562
0.493135583571
0.0303489861687
0.996541911348
-0.18952281314
0.406594239694
-0.56556158585
-0.60584231046
0.0598261494612
0.285269300702
-0.691031803738
0.778390227776
-0.438240423279
0.28511097439
-0.721815489853
-0.0427872453173
0.820924913975
0.128590780542
0.606938900435
1.45367521711
-0.605883414317
0.252121562962
0.520808114832
-0.0243321335717
-0.0105102459901
-0.193096522773
-0.802099766296
-1.43858421131
0.0969982344845
0.086406669564
-1.09649392332
-0.951180598944
0.170235123048
0.919077110508
0.437654557161
-0.727737874594
-0.851055264942
-1.28302800699
-0.664676960392
-0.47463825281
0.509809650122
-0.264918179712
-0.722034494036
0.0312728672381
0.876352649657
0.911178998967
0.390219117674
-0.719291907325
-0.819846460986
-0.943826435686
0.165767658023
1.02267158736
1.12700265156
0.288636846042
-0.196883795632
-0.132189960936
-0.668000422566
0.367372478208
-0.0915371442422
0.944289631875
-0.361363698994
-0.557743384633
0.102283434636
-1.09201737338
0.681619371346
-0.182772724373
-0.39219827519
-0.115132368376
-0.450254768839
-0.315913562101
-0.374818524996
-0.462783193123
-0.511246378242
0.573285725234
-0.587564729552
-0.173449370589
0.73982607891
-1.28209304728
-0.547311532094
0.115774194368
-0.622924279022
-0.465455579589
-0.876594609882
0.161846089419
-0.228683270976
0.213140917187
0.338607422797
-0.207099277875
-0.768736817633
-0.902946801143
0.462270366035
-0.704363232764
0.161518272192
0.602532998321
0.310244498369
-0.567154904219
-1.02236248358
-0.0284714169724
0.771722020131
-0.233613394091
-0.308089882845
-0.593582338326
0.550477770021
0.462394921195
-0.0105799302891
-0.532589507524
-0.753707226307
0.0565002224071
0.830592464094
0.0887661702117
0.50670690367
-0.18356767394
1.21962315378
-0.109122359521
-0.0920921520893
0.441215661993
0.428346615094
-1.16246458179
0.894241853693
-0.17404291558
-0.903491983623
1.02500157554
-1.14401080716
0.697705655464
0.678314137928
-0.689007270248
-0.634083767895
-0.762604017502
-0.368540803035
-1.11493497175
0.919742210845
-1.58885704659
-0.450619649037
0.703506844463
-0.538324923992
0.0302448282952
0.331224907531
-0.0861659033532
0.298082240519
-0.515958674788
0.828273858865
0.00862181603429
0.271901636209
0.14397137552
0.690240957308
-0.564326028885
0.211140775103
-0.668132112846
-0.224595039671
-0.792589656996
-0.712620586681
-1.20472746761
-0.396444652062
-0.402524596682
-0.250245599795
-0.286000397978
0.508817624333
-1.22653769043
-0.316215710866
-0.75428991037
0.799703919962
0.971982529353
0.116124948954
-0.174824735713
-0.585286550701
0.20287098795
0.300967423607
0.690259666979
1.38545382951
0.44711287433
-0.291288663775
-0.925593069384
0.336054363561
-0.721695861447
0.412949489785
0.00359652361263
0.779418471441
-0.318784739353
-0.257461831319
0.311019801788
0.00356830431589
0.119475163457
-0.0468974802454
0.530274791138
0.0649269832502
-0.0464926799045
0.282166227123
0.132284564208
0.0993855673847
-0.0207078916246
0.278485369096
0.436045908034
0.972206397062
-0.757070576201
-0.304713158802
-0.542317635458
0.527692786806
-0.246760448842
-0.1678334313
-0.229071721015
0.06802270684
0.93000270218
-0.215063188808
-0.441410019187
0.439500382732
0.374806243666
-0.955011768498
0.0837936834848
-0.510564231874
-0.631574960609
0.123400681351
-0.563476074058
-0.370750520821
-0.904616132193
-0.0328333609123
-0.606770186052
0.039395885403
0.298554947978
-0.323769177123
0.204177820406
-0.0538853530987
0.622614860435
-0.455589940291
0.632991155864
-0.181073318386
0.396269132847
0.591492488419
-0.375228491717
-0.0776843574912
-0.438376933169
0.905183597795
0.086038252605
-0.465233029725
-0.260767642582
-0.564001796386
0.526437126958
-0.312476661147
-0.119092576236
0.185972034897
-0.251464114016
-0.325476428649
0.302927586119
1.23912405573
1.03125775348
-1.12004158439
-0.302609709744
-0.609787664424
-0.247632608367
0.0653548859234
0.124725281574
-0.0204239988787
-0.342084998774
0.540883143085
0.63657914884
-0.819098613751
0.264213332051
0.503032967603
-0.108923412066
0.847759199193
-0.120331478474
-0.681923487793
0.54003932979
-0.914517163458
-0.0262987866832
-0.237883516458
-1.45258490752
-0.293667930963
-0.0209928737542
0.223310129209
-0.786837625419
-0.34672635387
0.42950395196
0.965366990852
0.332175002011
0.0841114898509
0.686070639894
-0.681275813243
0.322291117821
-0.06970154265
-0.364764908717
0.360785847272
-0.0200487225832
-0.861876245822
0.897364271061
0.136933171285
0.20178365031
-0.26607304424
-0.822956167386
0.313781326917
-0.540849429475
0.641938673092
0.0112125268745
-0.57407070909
-0.783203534768
-0.507864309987
0.476356643242
-0.863514346641
-0.517501702266
0.0813618491588
0.0934609168369
-0.133198394167
-0.661854189192
0.260759294897
0.0514858761582
0.0835352282574
-0.645280422451
0.290477406635
-0.756909198938
0.204115823683
1.15924171448
0.45718399188
-0.15367634136
1.13478642214
-0.136485914223
-0.743887299764
0.5529660884
0.073382440379
-0.316509872548
-0.583548980679
0.676735085642
0.350933278635
-0.75997831709
-0.5566552173
1.08446992613
-0.952078835519
0.294574522673
0.0161321584272
0.0559039516938
-0.56026712243
-0.00660201814999
-0.686124906395
0.0659728487566
-0.646715093366
0.115295392429
-0.650536228582
0.00901073998424
0.187454848811
-0.567641025335
0.0532402699024
0.558292141119
-0.622482863378
-1.40327686093
-1.18289882942
-0.335940777973
0.860987539053
0.274998142843
0.412735609459
0.510365995694
-0.0646828953659
0.0582118788168
0.209475662049
-0.0485288429587
-0.742815493933
-0.103165916368
-1.48709633927
0.809173944841
-0.441452001717
-0.624238491797
-0.106688039022
-0.223154285176
-0.284669100707
0.186558001291
-0.536369186319
-0.163154574288
-0.323181189646
-0.170917208063
-0.29895169412
-0.710300614912
-0.848497957591
-0.467192351097
-0.105773036105
0.56911389403
0.347384590077
0.634157449101
-0.021509457042
0.356824449458
-0.475058238801
-0.642631650857
0.453475824098
0.00740938378501
-0.79520108574
0.106957821804
-0.936599093545
-0.306491803471
0.197528978202
-0.598026800662
0.531396044595
0.820329974503
1.16321674806
-0.0845444697257
0.590448091813
-0.385052486886
0.488794335021
-0.706651228874
0.613906403126
-0.0976827673954
-0.791346786712
0.511760733963
-1.27754359929
-0.644157335414
-0.399109663598
-1.57222733214
-0.44024472818
-0.633713499822
-0.837862959426
-0.168785505229
-0.854945441686
0.0408352742449
-0.214031221843
-0.178557108146
-1.0159727638
-1.23574913523
0.0471510805426
0.528892149557
0.145842840299
-0.914668749937
-0.563838150356
0.540666470379
0.869982810041
0.00347293388637
0.646432526097
0.145627518681
-0.266712986528
0.0424648265627
-0.36126926571
0.535470539156
1.45644458793
0.0689861795779
-0.360274085045
-0.105813994253
-0.427000721771
0.266876168075
1.26411138982
0.516593121318
0.422120828763
-1.10346352245
-0.659627359776
0.776896024571
0.0121002062696
-0.832540643204
0.88753538138
0.609042873152
-0.225650224354
0.594474264153
0.199953897934
-1.03982990048
-0.48959374355
-0.73887143306
-0.261609394974
-0.230812580656
0.465868013821
0.287583880446
-0.721983253462
0.60364661366
0.0680504747323
-0.777856834529
-0.144098558724
-0.0596999429799
0.35080849917
0.437156552387
0.270799657748
0.11582370814
0.125790638388
-0.689960838858
0.410269356524
0.111765788803
-0.42045035859
-1.30617204281
0.359925085968
0.484680757875
1.08659217319
0.227265123431
0.221537819046
-1.4251097587
-0.52769271565
-0.672341762992
-0.817015257655
0.702187235929
-0.800391806351
0.597471598589
-0.442232306975
-0.270933482994
0.913564147182
-0.563138476354
-0.429673146393
-0.705095397896
-0.741993290324
-0.291812064382
0.394086755239
-0.734019261288
-0.399161295769
-0.548759884861
0.484737568276
1.39149399394
-1.03946736245
0.181611257656
0.746409721681
0.263029737345
0.190314151522
0.626497160093
1.75839779584
-0.718695065657
-0.750058430746
0.650294677419
-0.904317258959
0.349977093533
-0.893236176486
0.155672736516
-0.410081016882
0.560192749034
-0.988393477841
-0.893201470532
-0.274154352658
0.83258138849
0.153265508269
0.230568251434
-0.488242722521
-0.254058442749
0.848502516756
-0.156738080088
-0.869349546072
0.280619600326
0.529992224471
0.113278781942
-0.572995957927
0.745089429677
-1.17549497515
1.06914499379
-0.304747966976
1.56439259516
0.212750074745
0.500559836721
0.292727232163
1.11192886949
0.86091176844
-0.532687624649
0.374455936297
0.892393238371
-0.971601937077
-0.486488172448
-0.998136533942
-0.578834525626
-1.06816213151
-0.600676755268
0.269698748117
-0.167724834453
-0.321234898622
0.453085422626
-0.485693383026
0.0561471475217
0.00397341225953
-0.876623574556
0.596879655583
-0.912211001021
-0.825418510012
0.673692083317
-0.138315839233
1.19967624343
0.258426217137
0.0706226392259
0.150592026678
0.689921696595
-0.794482406596
0.0150264830822
-0.297173477352
0.400095274684
-0.702671385174
1.16221548262
0.669338142031
-0.181680358727
-0.0481362151305
1.05183904312
1.04661840297
0.0430723337068
-0.0483239672199
0.443431186418
-0.612344135126
-0.0983384218849
0.0722589106066
-0.0772389366654
0.376454001274
-0.844425062736
0.678522090073
-0.329995612511
0.0434240731587
0.0557517254125
-0.604696547321
0.186854631674
-0.720208252833
0.521019526432
0.0411797074458
-0.245142074206
-0.633886068546
0.0153131300204
0.182073654122
-0.228297412267
-0.172234226117
1.35267102833
0.231972663515
-0.00993429173953
0.389151772329
0.689233172286
0.413489608408
-0.0710366425785
-0.280041391493
-0.54470156255
0.216613380544
-0.750678735887
-0.601094586459
-0.308206673598
0.571446974326
-1.22388333371
0.543957002651
2.11387118395
0.175789917317
-0.151677170372
0.685000340558
-0.52969789126
0.143068870006
0.0510996864014
-0.698519280933
0.310121150943
-0.486977884592
0.660925678774
-0.209599297502
0.334501523768
-1.66980618109
-0.967163461102
0.463122708475
0.717238628106
0.0786188949224
-0.16565839203
-0.584108556614
0.195495206637
0.182273146354
-0.907832111577
-0.669197281349
0.323488390941
-0.196564921481
-0.776971889482
0.0196672235799
0.683378811283
0.269840994515
0.182925093149
-0.858335756986
-1.3424387649
-0.379773661551
-1.35193289801
0.0164704888731
0.599610029404
1.00078067649
0.844060831658
-1.07825632871
0.553868933454
0.695270619367
0.350666903236
-0.42422801438
-0.449568797783
1.01209672064
0.852771141731
-0.1222787659
-0.384176668865
-0.826881993302
-0.343712150407
-0.444003530381
0.460842332762
0.657301215176
1.10894189638
-1.24839541847
-0.0588962479189
-1.61406199921
0.0664841872286
0.423638099854
-0.200772837621
0.264531913594
-1.03768701045
-0.966053367809
-0.658558043344
0.793422759062
-0.268391726694
-0.400690537539
0.662942360777
0.24634294856
-0.350611943531
0.00475161310514
0.686359961023
0.749015376919
-0.170160541004
1.31535046748
-0.690212648682
0.42968567687
0.286457455806
-1.04868440937
-0.253136254028
0.306538465858
-0.517905416161
-0.504729078638
0.770240382603
0.16925805337
-0.589201520176
0.400425725818
0.291583486607
0.782212388529
-0.142190903372
-1.07501118468
-1.00071510758
-0.413752983309
0.635506671849
0.69041514346
0.634488023074
0.34735817959
-0.120332972406
-0.708567382675
0.517118751583
0.0148539040292
0.839187245217
0.721190623091
-1.08207034459
-0.461708950346
-0.0294946762216
0.00545695010153
-1.35495165906
0.996730728838
-0.0401388844125
-0.709740383728
-0.512195853281
0.710080899469
-0.234441233312
0.0834866033441
-0.522374384117
-0.505856838547
-0.435594038041
-0.233739299615
-0.0826239114932
0.600494319768
0.374643973975
-0.340116396267
-0.867864456143
0.50882175136
-0.609733762295
-0.0291871401157
-0.684483762646
0.188892314795
1.01248522873
-0.413934191174
0.353665067246
0.738103960042
0.986780339504
0.294990079622
0.251069491351
0.349091681395
1.56483481526
0.26600067628
0.62037707115
-1.15761715055
-1.00483196463
0.0332051062052
-0.0659469917719
-1.38289845669
0.964239082546
0.929580798706
-1.24919098488
0.0938428721006
-0.214224714582
0.354188145883
0.0839518092189
0.0569538866094
0.42274989484
0.289299790484
-0.21967749345
-0.432529686045
-0.512185117023
0.555985534265
-0.160919779183
-0.191134558136
-0.592905256017
0.0975646731587
0.456056781917
-0.442486397381
0.358828213413
-1.24707050596
0.324637647346
-0.540753874092
-0.147099890872
-1.07434253024
1.24385976793
-0.387153625196
-0.316218613778
-0.313368287233
-0.500643610912
-0.943226855886
0.293776394145
-0.681646720453
-0.822055137664
0.670919815738
-0.0449091603273
0.379901828139
-0.3533519684
-0.56037656793
-0.292891333468
0.305463641406
-0.0395493463091
-0.10813193918
-0.0297847353739
1.24889451074
-0.497084983348
0.240596819308
-0.775024212328
0.611483986771
-0.186110375046
0.825633133473
0.960485172547
0.76066671651
0.0987053089162
0.497512998342
-0.0942152362669
-0.512111401135
0.101885202069
-1.06894848473
0.438591410465
-0.30215180912
-0.61641601281
-0.699272024847
0.528253932263
0.314606069336
0.739110941072
0.765279799867
0.385499298893
0.72833677266
-0.215405811013
0.181529863239
-0.776875186642
-1.2459422525
-0.885131155531
0.140470699103
-0.102661102882
-0.136122948902
0.366089738793
0.502543116141
0.189070972165
0.546239914277
0.594568431172
-0.0617721265649
-0.156416337937
0.188062349798
-0.138966467707
0.981778501252
-0.805886376689
0.340679335472
1.28985903841
-0.312398644839
0.0493741727485
0.96407243817
0.248448966251
0.246808864707
-0.82329951897
-0.913159301014
0.267523360236
0.140162164843
-0.304365274406
0.701723401135
-0.694356957497
0.0155673513159
-0.3411515433
-0.513783753447
0.235561501801
0.283372380145
-0.498785195056
-0.450814855145
0.812362795299
-0.623010723635
-0.613540686398
-0.555773812993
-1.19148704779
0.332324472742
0.607070501015
-0.692210160766
-0.136555840175
-0.331424144101
0.768213338104
-0.10028934076
0.148302511017
-0.131300091222
0.00593301527634
0.413131935437
-0.662556937227
-0.245198897414
0.695442113292
0.0594984093592
0.787083407032
-0.529534864785
-1.07160306436
-1.1619498676
0.704214535358
0.180059260064
-0.033814461401
0.206801019063
0.113664890975
0.392703015866
0.212725383595
-0.891252572817
-0.115889991845
1.39217803045
-0.398672447742
-0.114628976725
-0.817092034693
-0.399001659359
0.301126406926
-0.484882366612
0.128142109634
0.107124703579
0.117607745242
0.749832826407
-0.579642694178
-0.508169968789
0.46435086206
0.938041740319
0.454087523942
0.983872115085
0.00669957441908
-0.396591181544
-0.815345704001
0.122464733059
-0.0181804824979
-0.748191486995
0.798854914464
-0.00342036558395
1.03677462336
-0.380040471261
0.150502070776
-0.189015737835
-0.563138430078
-0.494632755166
0.322274685658
-0.534669151668
0.473672826758
-0.754147458206
0.096974187279
0.621668897417
-0.556708058174
-0.235219334478
-0.309879723368
1.16539493736
0.102109025129
-0.585964695215
-0.25304151283
0.175458293356
-0.0356843388558
-0.255581349006
0.249875039901
-0.6995620765
-0.159226246545
-0.967590810129
-0.0796395347151
-0.582316699019
0.716398621625
0.433771449619
-0.628803771213
-1.00704789491
0.652249329417
0.537157938012
0.742170592084
0.252267873013
-0.204774442001
0.798995728409
-0.363509594807
0.562974413531
-0.0997933492795
0.873506435954
0.432539523576
1.19215585682
-0.0713360610812
-0.377049327238
-0.624415012249
0.314933786054
0.0454701528082
0.251031198709
0.115515743102
0.531264089167
-0.331216662423
-0.71900499069
0.0978295948036
0.500911883985
-0.85898905746
0.156195852314
-1.20356748598
-0.359645891499
0.132776046612
0.299683523761
-0.531390404591
-0.484301576972
-0.0604014332127
-0.97652978688
0.038671363102
0.628629307635
0.151848941035
0.104511247418
-0.15079737364
-0.446105544427
1.5370024672
1.26598630033
0.11091649525
0.768668321087
0.451803495634
0.0688870367679
0.597652334487
-0.0477404172181
0.139839090797
-0.279356045954
-0.300910742853
-0.245247929849
0.198050191569
0.44530502657
-0.031309666152
-0.802356851925
1.14707516266
1.2920668493
0.425347577818
-0.775815715688
0.124365058024
0.222029439342
-0.668502679101
0.187030242623
-0.456931916563
-0.783802323611
-0.897394900124
0.81660928814
0.230252590408
1.08328610665
-0.747833172831
-1.67899115683
-0.65586805869
0.122657049797
-0.55054715138
-0.0280624467098
0.0474219817598
0.524461249095
1.17535292716
-0.719854243739
0.612959543225
0.0425196723657
-1.13022937994
0.0360460209705
-1.01824326474
-0.621434672645
0.795472684148
1.33654913209
0.309805907054
0.541270294562
0.899877561147
-0.954356200641
-0.519538971042
-0.300411781787
0.687103763707
-0.483858997899
0.193732660259
0.0146460337624
-0.580010616168
-0.185889111697
-0.368597926134
-0.299516727027
-0.871931489021
0.134820947847
-0.207059910068
-0.110911320133
0.985868498978
1.02947904758
-0.204690441944
-0.0520652811823
-0.0646319306955
-0.547687304287
0.401515888101
-0.598329688456
0.261558208532
-0.131266012761
-0.754830982913
-0.360220430667
-0.159216661191
-1.06012336161
0.498279841202
0.300758662237
0.346914791579
0.00493564650638
0.18396062586
0.938822760829
-0.198694461009
-0.316544934772
0.643754862297
-1.36374215103
0.92327935439
-0.313557634315
0.687570234987
0.223407899371
0.922688612114
-0.0765508161866
0.841355313664
-1.54692510709
-0.711837522415
-0.192714672052
0.423844856859
0.632933038238
-0.0835188770649
0.0195723532408
1.02630508411
-0.0339772500345
0.354125509644
-0.232393455238
0.396882568861
0.368439530732
-0.63550551617
-0.438086198274
0.82299797983
0.0482136001035
0.584988698373
-0.076060299392
-0.475464743562
0.275528708241
0.884412727208
0.153675868936
-0.981506958461
0.175549263036
0.832772034365
0.137124074655
-0.351830586509
0.220773743899
0.665219111373
-0.085980610243
-0.000267083542023
-0.849407153
0.0391527629328
0.165894344851
-0.94238656569
1.08156799513
-0.496860079506
-0.359946592657
0.162820235285
-0.257175264155
-0.0249198155611
0.715529944549
0.662785790127
-1.4936932089
0.0115357944588
0.176494955899
0.49513563736
0.806157508373
-0.566274443618
-0.654296966659
0.27710214387
-0.470775550782
-0.445910937639
0.245082892975
0.556106381741
0.65590092745
0.0214358257112
0.936532828876
-0.320641011242
-0.0851395619356
0.66883365696
0.376450596448
-0.682178060008
-1.35368580313
0.0286967532279
0.0395692544023
-0.523895887678
0.530710214973
0.111500837029
-0.580557573775
-0.257892339207
1.16452331049
-0.374410063007
-1.15063309488
1.09043789716
0.643036260214
0.330637154458
0.758049514022
0.928603092494
-0.962284161673
-0.27253181562
-0.433892250947
0.266151158217
0.336651952863
0.266129047508
1.06779649398
-0.192906346275
-0.299038247832
0.593080114023
0.0172989522204
-0.949412825827
-0.0307122141024
-0.211443931513
-0.127288686641
-0.0350773394966
-0.365653456796
0.124188499451
0.152451494136
0.103085325595
0.119175707713
-0.27347666248
-0.101210972485
-0.0983554724071
0.0227141097744
0.711145534093
-0.971051923317
-1.46140819649
-0.493969833709
-0.569240249903
-0.344489842943
0.87342203524
-0.497221095286
0.101831384116
0.378417856521
0.3247603089
0.151415056594
0.584801364995
0.0690244848535
0.603329188677
-0.627762301009
-0.918822619963
0.187042486581
-0.273490346135
-0.939021171218
-0.93416925641
1.5776208583
-0.769799598268
0.32269943934
-0.549038429646
-0.533790774693
-0.837804777413
0.599888718114
1.00544863013
-0.106627311416
-0.436385856298
-0.404557273115
-0.065278842722
-0.0363988557509
0.0487338137472
0.455523898327
-0.39340929114
0.731462405293
0.354170740156
0.0507484728554
-0.255639083182
-0.044595635207
-0.43698320616
-0.178938702773
0.0557660867587
1.00695701641
-0.243075543751
0.17987824494
0.823204806394
0.480144841101
0.21740885421
-0.467826870476
-0.0345051328069
-0.237065419121
-0.359896714613
0.350148152536
-1.09857556555
-0.613488295295
0.172867821718
0.311852643538
-0.982002058924
1.75924949688
-0.899378895347
0.90717144146
-1.38615793687
0.0446078788903
-0.498227859158
-0.288063892963
-0.0671390459551
0.122249815806
-0.585892157522
0.558928251699
-0.253748300712
0.041950811981
0.043644982473
-0.155824065076
0.445285645314
-0.148095270228
0.250327436733
-0.203291510477
0.622720620929
0.0508606078766
0.528313187669
1.21818626048
0.302757218595
0.136108507462
0.162927062355
0.0489132285494
-0.268609911595
0.579593569408
-0.810364730461
-0.181224577223
-0.715105178762
-0.029232259373
-0.969273125127
1.35930896601
0.00382634178803
-1.20043664536
-0.307615390652
-0.216039537783
0.0670590676966
0.157909215108
-1.12474500458
-0.892247429455
-0.348587034568
-0.329641591447
0.360250187305
-0.113353253799
0.606906583099
-0.197597134159
-0.497338063177
0.104231438042
0.241503085306
-0.0847543428549
-0.260814894863
-0.0722218018358
0.0779467306552
-0.192043526695
0.439422904637
-0.0563423826315
-0.122290999659
0.27810716003
0.68505057041
-0.418818974279
-1.39033417122
0.0697572583506
-0.899153731544
1.1363359557
-0.65379821018
0.0186702196716
0.41282180334
-0.200483493045
1.14180700437
-0.0213088110362
0.30512493717
0.336398693093
-1.3878062067
1.96390021642
-0.990099516363
-0.294104660934
-0.185143437081
-0.25272023065
1.0155655958
-0.961740229354
-0.468164133279
-0.102510681855
-0.0979652883119
-1.00379695092
-1.10355379994
-0.058046228533
-0.564733808061
-1.27418231562
0.208767091047
-0.0747037795139
-0.404584630351
-0.327101326157
0.0489098514969
0.571115870647
0.00916243628815
-0.0466444635934
0.918804954173
0.039616090365
0.184247913218
-0.575491278175
-0.492607752154
0.302028626835
0.0631340664473
-0.106997716857
0.106282052206
-0.0663886229384
1.4547056834
0.76955811618
0.113661002124
-0.585549470909
0.452926627442
-0.0233162252668
-1.36367220018
-0.545358760674
-0.407805206428
-0.132961464668
-0.722636287357
-0.390735675971
0.0237628951903
-0.393791454624
-0.0585687979449
-0.299424633883
-0.630062611844
-0.261232119635
0.279751265929
-0.447117337238
0.391879769617
0.210305876394
0.509616769713
1.13507231769
-0.41550778028
-1.20002428685
-1.3371699505
-1.21935782823
0.0743108676911
-0.380106785405
0.232761034863
1.17531195604
-0.664720029288
-0.82306904765
1.04695496535
-0.213119289479
-0.13461087487
0.751376658478
0.174759525419
-0.369992697496
0.637135744939
-0.992889872789
0.172595423366
0.830150120939
-0.361716022109
0.194680221322
-0.236157357337
-0.736515634358
0.890528353094
0.115042834148
-0.270907195828
-0.765151110778
0.388499546216
-0.845452394795
0.548317555859
-1.08587385277
0.0496668732066
0.394912593094
0.137073022854
0.00301810704281
0.751052159399
-0.057651198174
0.389186086938
-0.135783783851
-1.36557948682
1.8142600838
-0.848759388256
0.215202116505
-0.0435053391661
0.181805773451
-0.114357683746
-0.358655732857
0.136344772061
-0.501790157992
0.751853915043
-0.227947968342
0.279628098167
0.150207984682
0.0789872876137
-0.541129943265
-0.398119109048
0.239061627764
0.69231157424
-0.333952883647
-0.0577984246118
-0.223106134085
0.0722686512444
-0.979240400237
0.845646775493
0.0682292924073
-1.15811304246
0.866258187181
0.449094037523
-0.222710384968
-0.213552541912
-0.209079956243
-0.474831801538
-0.478067702072
0.655396964677
0.241571636521
-0.655399619155
-0.53786812688
-0.569470483708
-0.461634455143
-0.325507152813
0.111780370366
-1.51156441355
0.0911394609717
0.411988347098
-0.361448747019
-0.403825951809
0.380426533348
0.564981972669
0.170544189621
0.246802569305
-0.404860650919
-0.767468051386
0.477528432629
-0.958026898889
0.360661312756
-0.489242462334
-0.0892778775362
-0.219687892089
1.09113194021
0.243860384678
-0.612649695142
0.246822665497
0.15910892511
-0.14939157454
0.291794017868
-1.59956694827
-0.410024819918
-0.402889393255
0.158165235714
0.309448579978
0.513539014475
-0.530550393752
-0.957018821178
-1.27966412239
-0.0311989692619
0.297673883398
0.920216681399
0.200428927089
1.0779288185
-0.440943918132
0.205051101401
0.221598986209
0.128087912105
-0.395583417167
0.834739015206
0.178616653409
-0.553616068735
0.648218295013
0.648442740663
1.38335040266
-0.209870090502
0.202766257397
-0.655518046051
-0.0563444079311
-0.7825677056
-0.337643727078
0.048151893335
0.738956835038
0.447556255702
-0.126406755929
-0.523376294044
-0.747080837862
-0.185965028856
-0.591993613695
-0.736576208545
0.259087611578
-1.08087547042
-0.0380534926644
-0.08991659765
-0.134026532333
0.636427238879
-0.549403621386
